   3.3000000e+02   3.9294541e-03
   3.3100000e+02   3.7743244e-03
   3.3200000e+02   3.4961502e-03
   3.3300000e+02   3.3651829e-03
   3.3400000e+02   3.2287441e-03
   3.3500000e+02   2.9135278e-03
   3.3600000e+02   2.6391495e-03
   3.3700000e+02   2.4352986e-03
   3.3800000e+02   2.2071115e-03
   3.3900000e+02   2.1687749e-03
   3.4000000e+02   1.9356147e-03
   3.4100000e+02   1.7035640e-03
   3.4200000e+02   1.5898670e-03
   3.4300000e+02   1.4537970e-03
   3.4400000e+02   1.2971953e-03
   3.4500000e+02   1.3703448e-03
   3.4600000e+02   1.2952644e-03
   3.4700000e+02   1.1817686e-03
   3.4800000e+02   1.1394285e-03
   3.4900000e+02   1.0679998e-03
   3.5000000e+02   1.0682766e-03
   3.5100000e+02   8.8021778e-04
   3.5200000e+02   1.0298588e-03
   3.5300000e+02   9.9143905e-04
   3.5400000e+02   7.9779777e-04
   3.5500000e+02   7.9695115e-04
   3.5600000e+02   9.1010998e-04
   3.5700000e+02   8.7686715e-04
   3.5800000e+02   8.7594360e-04
   3.5900000e+02   5.7474663e-04
   3.6000000e+02   6.0533381e-04
   3.6100000e+02   6.4516060e-04
   3.6200000e+02   5.2577826e-04
   3.6300000e+02   6.4796017e-04
   3.6400000e+02   5.6828450e-04
   3.6500000e+02   5.6354306e-04
   3.6600000e+02   5.3451661e-04
   3.6700000e+02   5.3271633e-04
   3.6800000e+02   6.0727197e-04
   3.6900000e+02   4.5638160e-04
   3.7000000e+02   6.4036203e-04
   3.7100000e+02   4.1748923e-04
   3.7200000e+02   4.1656322e-04
   3.7300000e+02   4.9426934e-04
   3.7400000e+02   4.1651608e-04
   3.7500000e+02   3.3829550e-04
   3.7600000e+02   3.0019030e-04
   3.7700000e+02   2.2538686e-04
   3.7800000e+02   3.0019086e-04
   3.7900000e+02   2.6328478e-04
   3.8000000e+02   3.0464508e-04
   3.8100000e+02   4.1728542e-04
   3.8200000e+02   3.3934418e-04
   3.8300000e+02   3.8068446e-04
   3.8400000e+02   2.2836606e-04
   3.8500000e+02   4.1406015e-04
   3.8600000e+02   3.4177263e-04
   3.8700000e+02   3.7815275e-04
   3.8800000e+02   3.7854618e-04
   3.8900000e+02   1.8994740e-04
   3.9000000e+02   2.6459928e-04
   3.9100000e+02   3.0336862e-04
   3.9200000e+02   1.5018536e-04
   3.9300000e+02   1.8735311e-04
   3.9400000e+02   1.4958443e-04
   3.9500000e+02   2.6349064e-04
   3.9600000e+02   1.8856960e-04
   3.9700000e+02   2.2791221e-04
   3.9800000e+02   2.2841771e-04
   3.9900000e+02   2.6368463e-04
   4.0000000e+02   2.2806350e-04
   4.0100000e+02   2.2695311e-04
   4.0200000e+02   2.6465471e-04
   4.0300000e+02   3.7831777e-04
   4.0400000e+02   1.5239156e-04
   4.0500000e+02   2.6437601e-04
   4.0600000e+02   2.2540364e-04
   4.0700000e+02   3.0474766e-04
   4.0800000e+02   7.5656532e-05
   4.0900000e+02   3.0316177e-04
   4.1000000e+02   1.1339233e-04
   4.1100000e+02   7.5151346e-05
   4.1200000e+02   1.9035855e-04
   4.1300000e+02   1.8772844e-04
   4.1400000e+02   7.5604240e-05
   4.1500000e+02   2.2588474e-04
   4.1600000e+02   2.6289730e-04
   4.1700000e+02   2.9863019e-04
   4.1800000e+02   1.8974368e-04
   4.1900000e+02   7.5590503e-05
   4.2000000e+02   2.2657201e-04
   4.2100000e+02   2.6626819e-04
   4.2200000e+02   3.0391027e-04
   4.2300000e+02   1.8921185e-04
   4.2400000e+02   7.5860952e-05
   4.2500000e+02   7.5442060e-05
   4.2600000e+02   2.2725095e-04
   4.2700000e+02   2.2729011e-04
   4.2800000e+02   2.2443715e-04
   4.2900000e+02   2.6682376e-04
   4.3000000e+02   7.6120914e-05
   4.3100000e+02   1.1198942e-04
   4.3200000e+02   1.5229950e-04
   4.3300000e+02   2.6095829e-04
   4.3400000e+02   7.5895383e-05
   4.3500000e+02   1.8599536e-04
   4.3600000e+02   3.7477478e-05
   4.3700000e+02   2.2747977e-04
   4.3800000e+02   1.8974323e-04
   4.3900000e+02   2.2474621e-04
   4.4000000e+02   3.7577005e-05
   4.4100000e+02   1.5027178e-04
   4.4200000e+02   7.5397086e-05
   4.4300000e+02   2.2378136e-04
   4.4400000e+02   3.7291131e-05
   4.4500000e+02   1.8737035e-04
   4.4600000e+02   1.1275024e-04
   4.4700000e+02   1.1302549e-04
   4.4800000e+02   3.0175739e-04
   4.4900000e+02   3.7887535e-05
   4.5000000e+02   1.8540779e-04
   4.5100000e+02   7.5639901e-05
   4.5200000e+02   3.7872523e-05
   4.5300000e+02   1.8560948e-04
   4.5400000e+02   3.7483579e-05
   4.5500000e+02   3.7518222e-05
   4.5600000e+02   7.5776075e-05
   4.5700000e+02   1.8954897e-04
   4.5800000e+02   3.7128782e-05
   4.5900000e+02   0.0000000e+00
   4.6000000e+02   7.5543620e-05
   4.6100000e+02   1.1264614e-04
   4.6200000e+02   3.7785858e-05
   4.6300000e+02   3.7010627e-05
   4.6400000e+02   7.5725680e-05
   4.6500000e+02   1.8832272e-04
   4.6600000e+02   1.5117117e-04
   4.6700000e+02   7.4071424e-05
   4.6800000e+02   7.5088263e-05
   4.6900000e+02   2.2573512e-04
   4.7000000e+02   1.8495705e-04
   4.7100000e+02   2.6331444e-04
   4.7200000e+02   1.8962589e-04
   4.7300000e+02   1.1354245e-04
   4.7400000e+02   1.1128786e-04
   4.7500000e+02   1.8662606e-04
   4.7600000e+02   7.5774306e-05
   4.7700000e+02   1.1164238e-04
   4.7800000e+02   0.0000000e+00
   4.7900000e+02   7.4711622e-05
   4.8000000e+02   1.1419605e-04
   4.8100000e+02   1.1335940e-04
   4.8200000e+02   1.1136054e-04
   4.8300000e+02   1.8687954e-04
   4.8400000e+02   1.4713527e-04
   4.8500000e+02   7.4611524e-05
   4.8600000e+02   3.7828817e-05
   4.8700000e+02   3.7092864e-05
   4.8800000e+02   2.2640572e-04
   4.8900000e+02   1.8480459e-04
   4.9000000e+02   0.0000000e+00
   4.9100000e+02   2.6267343e-04
   4.9200000e+02   1.8416421e-04
   4.9300000e+02   3.7193810e-05
   4.9400000e+02   1.0980751e-04
   4.9500000e+02   1.1206991e-04
   4.9600000e+02  -3.6692367e-05
   4.9700000e+02   1.8978926e-04
   4.9800000e+02   1.8672782e-04
   4.9900000e+02   0.0000000e+00
   5.0000000e+02   0.0000000e+00
   5.0100000e+02   7.5881691e-05
   5.0200000e+02  -3.7278707e-05
   5.0300000e+02   1.1344029e-04
   5.0400000e+02  -3.7172470e-05
   5.0500000e+02   3.7920510e-05
   5.0600000e+02   0.0000000e+00
   5.0700000e+02   1.4660665e-04
   5.0800000e+02   1.5233851e-04
   5.0900000e+02   1.1233560e-04
   5.1000000e+02   3.6761195e-05
   5.1100000e+02  -3.7516538e-05
   5.1200000e+02   1.8738517e-04
   5.1300000e+02   0.0000000e+00
   5.1400000e+02   7.5380997e-05
   5.1500000e+02   2.6401439e-04
   5.1600000e+02   1.4866350e-04
   5.1700000e+02   7.5400908e-05
   5.1800000e+02   2.2252247e-04
   5.1900000e+02   7.2954886e-05
   5.2000000e+02   7.4985165e-05
   5.2100000e+02   1.4795290e-04
   5.2200000e+02   2.2752209e-04
   5.2300000e+02   2.6581874e-04
   5.2400000e+02   7.4653946e-05
   5.2500000e+02   2.2094457e-04
   5.2600000e+02   2.2459749e-04
   5.2700000e+02   3.6849842e-05
   5.2800000e+02   3.8036356e-05
   5.2900000e+02   1.1244821e-04
   5.3000000e+02   2.5858278e-04
   5.3100000e+02   1.1302450e-04
   5.3200000e+02   3.7105577e-05
   5.3300000e+02   2.1955094e-04
   5.3400000e+02   7.5215592e-05
   5.3500000e+02   3.7070561e-05
   5.3600000e+02   0.0000000e+00
   5.3700000e+02   3.7507480e-05
   5.3800000e+02   1.1348715e-04
   5.3900000e+02   7.4572908e-05
   5.4000000e+02   1.4700218e-04
   5.4100000e+02   3.7770443e-05
   5.4200000e+02   3.7841411e-05
   5.4300000e+02   3.7298860e-05
   5.4400000e+02   1.4727275e-04
   5.4500000e+02   1.8180616e-04
   5.4600000e+02   3.7686748e-05
   5.4700000e+02   3.7716107e-05
   5.4800000e+02   1.1185933e-04
   5.4900000e+02   1.8423779e-04
   5.5000000e+02   1.8826728e-04
   5.5100000e+02   2.2301755e-04
   5.5200000e+02   1.8412551e-04
   5.5300000e+02   2.1791830e-04
   5.5400000e+02   2.2613710e-04
   5.5500000e+02   1.8655891e-04
   5.5600000e+02   7.3587230e-05
   5.5700000e+02   1.5075188e-04
   5.5800000e+02   1.8637185e-04
   5.5900000e+02   1.8386723e-04
   5.6000000e+02   2.1870710e-04
   5.6100000e+02   1.1352567e-04
   5.6200000e+02   7.4691047e-05
   5.6300000e+02   0.0000000e+00
   5.6400000e+02   3.6634913e-05
   5.6500000e+02   2.2542243e-04
   5.6600000e+02   1.4892740e-04
   5.6700000e+02   1.1059480e-04
   5.6800000e+02   2.1873939e-04
   5.6900000e+02  -3.7861025e-05
   5.7000000e+02   1.1247993e-04
   5.7100000e+02   1.4861609e-04
   5.7200000e+02   2.5784635e-04
   5.7300000e+02   7.5458394e-05
   5.7400000e+02   3.7354036e-05
   5.7500000e+02   7.4115498e-05
   5.7600000e+02   1.4709917e-04
   5.7700000e+02   7.6105912e-05
   5.7800000e+02   7.5344396e-05
   5.7900000e+02   3.7372354e-05
   5.8000000e+02  -3.7058194e-05
   5.8100000e+02   1.8411982e-04
   5.8200000e+02  -3.7920591e-05
   5.8300000e+02   1.5077985e-04
   5.8400000e+02   0.0000000e+00
   5.8500000e+02  -3.7657938e-05
   5.8600000e+02  -3.7368063e-05
   5.8700000e+02   2.2268746e-04
   5.8800000e+02   2.2118550e-04
   5.8900000e+02   0.0000000e+00
   5.9000000e+02   1.8713492e-04
   5.9100000e+02   1.4857579e-04
   5.9200000e+02   7.3625810e-05
   5.9300000e+02   0.0000000e+00
   5.9400000e+02   1.9011262e-04
   5.9500000e+02   7.5465455e-05
   5.9600000e+02   3.7430497e-05
   5.9700000e+02   2.2327532e-04
   5.9800000e+02   1.4785227e-04
   5.9900000e+02  -3.7736306e-05
   6.0000000e+02   1.8769258e-04
   6.0100000e+02   1.1188106e-04
   6.0200000e+02   7.4042875e-05
   6.0300000e+02   3.6790605e-05
   6.0400000e+02   1.5348154e-04
   6.0500000e+02   1.9049816e-04
   6.0600000e+02   3.7858062e-05
   6.0700000e+02   7.5229084e-05
   6.0800000e+02   1.4977424e-04
   6.0900000e+02   3.7705807e-05
   6.1000000e+02   1.8756557e-04
   6.1100000e+02   3.8396592e-05
   6.1200000e+02   1.1453188e-04
   6.1300000e+02   0.0000000e+00
   6.1400000e+02   0.0000000e+00
   6.1500000e+02   1.5016952e-04
   6.1600000e+02   7.4614421e-05
   6.1700000e+02   1.5307678e-04
   6.1800000e+02   3.8049931e-05
   6.1900000e+02   2.6509023e-04
   6.2000000e+02   7.5284999e-05
   6.2100000e+02   2.6234383e-04
   6.2200000e+02   1.9221976e-04
   6.2300000e+02   1.5302057e-04
   6.2400000e+02   7.7211956e-05
   6.2500000e+02   1.5373224e-04
   6.2600000e+02   3.8225411e-05
   6.2700000e+02   3.0912685e-04
   6.2800000e+02   1.1539261e-04
   6.2900000e+02   2.2962693e-04
   6.3000000e+02   0.0000000e+00
   6.3100000e+02   1.9176629e-04
   6.3200000e+02   3.8204409e-05
   6.3300000e+02   1.9280349e-04
   6.3400000e+02   0.0000000e+00
   6.3500000e+02   1.9123691e-04
   6.3600000e+02   7.6175619e-05
   6.3700000e+02   1.5307563e-04
   6.3800000e+02   0.0000000e+00
   6.3900000e+02   1.8980257e-04
   6.4000000e+02   3.7811462e-05
   6.4100000e+02   7.5335093e-05
   6.4200000e+02   1.1265944e-04
   6.4300000e+02   1.5371635e-04
   6.4400000e+02  -3.8465408e-05
   6.4500000e+02   1.1512905e-04
   6.4600000e+02   1.5292747e-04
   6.4700000e+02   7.6196486e-05
   6.4800000e+02   1.1406592e-04
   6.4900000e+02   3.0282983e-04
   6.5000000e+02   7.9309917e-04
   6.5100000e+02   6.6263168e-03
   6.5200000e+02   6.3058723e-03
   6.5300000e+02   1.9465006e-03
   6.5400000e+02   4.4740364e-04
   6.5500000e+02   4.0915055e-04
   6.5600000e+02   1.8552955e-04
   6.5700000e+02   2.9585511e-04
   6.5800000e+02   1.4765393e-04
   6.5900000e+02   2.9436932e-04
   6.6000000e+02   1.4686678e-04
   6.6100000e+02   3.2967913e-04
   6.6200000e+02   7.3066341e-05
   6.6300000e+02   2.9156427e-04
   6.6400000e+02   1.0914887e-04
   6.6500000e+02   2.5392918e-04
   6.6600000e+02   3.6192349e-05
   6.6700000e+02   2.5277897e-04
   6.6800000e+02   2.5228299e-04
   6.6900000e+02   1.0795262e-04
   6.7000000e+02   2.8711824e-04
   6.7100000e+02   7.1642168e-05
   6.7200000e+02   2.8609435e-04
   6.7300000e+02   2.1417788e-04
   6.7400000e+02   7.1245694e-05
   6.7500000e+02   3.5572047e-04
   6.7600000e+02   7.0959525e-05
   6.7700000e+02   2.8343592e-04
   6.7800000e+02   2.1231779e-04
   6.7900000e+02   1.7660035e-04
   6.8000000e+02   3.1765810e-04
   6.8100000e+02   1.7609506e-04
   6.8200000e+02   1.7592374e-04
   6.8300000e+02   2.8091857e-04
   6.8400000e+02   2.1039034e-04
   6.8500000e+02   2.8030042e-04
   6.8600000e+02   4.5459579e-04
   6.8700000e+02   3.1450433e-04
   6.8800000e+02   3.8388821e-04
   6.8900000e+02   5.5751024e-04
   6.9000000e+02   5.2221213e-04
   6.9100000e+02   7.2990559e-04
   6.9200000e+02   7.6413102e-04
   6.9300000e+02   7.2862397e-04
   6.9400000e+02   1.0050977e-03
   6.9500000e+02   1.1429203e-03
   6.9600000e+02   1.2452341e-03
   6.9700000e+02   1.5208538e-03
   6.9800000e+02   1.8301338e-03
   6.9900000e+02   2.2421893e-03
   7.0000000e+02   2.6196434e-03
   7.0100000e+02   2.9978723e-03
   7.0200000e+02   3.9601773e-03
   7.0300000e+02   4.8524254e-03
   7.0400000e+02   6.1195483e-03
   7.0500000e+02   7.9702919e-03
   7.0600000e+02   1.0032360e-02
   7.0700000e+02   1.2636606e-02
   7.0800000e+02   1.6470818e-02
   7.0900000e+02   2.1685609e-02
   7.1000000e+02   2.9390889e-02
   7.1100000e+02   3.9624559e-02
   7.1200000e+02   4.9129842e-02
   7.1300000e+02   6.7855599e-02
   7.1400000e+02   8.9634999e-02
   7.1500000e+02   1.2930872e-01
   7.1600000e+02   1.7063277e-01
   7.1700000e+02   2.2738111e-01
   7.1800000e+02   2.9872976e-01
   7.1900000e+02   3.8117318e-01
   7.2000000e+02   4.6648337e-01
   7.2100000e+02   5.4709489e-01
   7.2200000e+02   6.0498013e-01
   7.2300000e+02   6.7000919e-01
   7.2400000e+02   7.2716293e-01
   7.2500000e+02   7.6834325e-01
   7.2600000e+02   8.0236048e-01
   7.2700000e+02   8.2619419e-01
   7.2800000e+02   8.4268855e-01
   7.2900000e+02   8.5533588e-01
   7.3000000e+02   8.6360429e-01
   7.3100000e+02   8.6959532e-01
   7.3200000e+02   8.7492865e-01
   7.3300000e+02   8.7781625e-01
   7.3400000e+02   8.7946211e-01
   7.3500000e+02   8.8097741e-01
   7.3600000e+02   8.8187292e-01
   7.3700000e+02   8.8174793e-01
   7.3800000e+02   8.8157848e-01
   7.3900000e+02   8.8071734e-01
   7.4000000e+02   8.8018636e-01
   7.4100000e+02   8.7823455e-01
   7.4200000e+02   8.7732708e-01
   7.4300000e+02   8.7571304e-01
   7.4400000e+02   8.7451508e-01
   7.4500000e+02   8.7229621e-01
   7.4600000e+02   8.7124353e-01
   7.4700000e+02   8.6964308e-01
   7.4800000e+02   8.6898883e-01
   7.4900000e+02   8.6777017e-01
   7.5000000e+02   8.6779671e-01
   7.5100000e+02   8.6751353e-01
   7.5200000e+02   8.6755474e-01
   7.5300000e+02   8.6829096e-01
   7.5400000e+02   8.6871588e-01
   7.5500000e+02   8.6984072e-01
   7.5600000e+02   8.7161676e-01
   7.5700000e+02   8.7279384e-01
   7.5800000e+02   8.7485957e-01
   7.5900000e+02   8.7661889e-01
   7.6000000e+02   8.7814334e-01
   7.6100000e+02   8.7979958e-01
   7.6200000e+02   8.8081060e-01
   7.6300000e+02   8.8202290e-01
   7.6400000e+02   8.8330899e-01
   7.6500000e+02   8.8321680e-01
   7.6600000e+02   8.8278451e-01
   7.6700000e+02   8.8321632e-01
   7.6800000e+02   8.8133427e-01
   7.6900000e+02   8.7988244e-01
   7.7000000e+02   8.7815958e-01
   7.7100000e+02   8.7535893e-01
   7.7200000e+02   8.7320127e-01
   7.7300000e+02   8.7043928e-01
   7.7400000e+02   8.6664196e-01
   7.7500000e+02   8.6489505e-01
   7.7600000e+02   8.6144673e-01
   7.7700000e+02   8.5902035e-01
   7.7800000e+02   8.5574669e-01
   7.7900000e+02   8.5413201e-01
   7.8000000e+02   8.5226694e-01
   7.8100000e+02   8.5139194e-01
   7.8200000e+02   8.5154303e-01
   7.8300000e+02   8.5142159e-01
   7.8400000e+02   8.5219511e-01
   7.8500000e+02   8.5380976e-01
   7.8600000e+02   8.5584663e-01
   7.8700000e+02   8.5768594e-01
   7.8800000e+02   8.5899056e-01
   7.8900000e+02   8.6115983e-01
   7.9000000e+02   8.6326590e-01
   7.9100000e+02   8.6482452e-01
   7.9200000e+02   8.6499263e-01
   7.9300000e+02   8.6484542e-01
   7.9400000e+02   8.6366939e-01
   7.9500000e+02   8.6031557e-01
   7.9600000e+02   8.5891609e-01
   7.9700000e+02   8.5372496e-01
   7.9800000e+02   8.4776296e-01
   7.9900000e+02   8.4172647e-01
   8.0000000e+02   8.3656363e-01
   8.0100000e+02   8.3104542e-01
   8.0200000e+02   8.2602307e-01
   8.0300000e+02   8.2302890e-01
   8.0400000e+02   8.1664977e-01
   8.0500000e+02   8.1259326e-01
   8.0600000e+02   8.1027008e-01
   8.0700000e+02   8.0809207e-01
   8.0800000e+02   8.0804502e-01
   8.0900000e+02   8.0868418e-01
   8.1000000e+02   8.1036890e-01
   8.1100000e+02   8.1283706e-01
   8.1200000e+02   8.1581761e-01
   8.1300000e+02   8.1914499e-01
   8.1400000e+02   8.2266390e-01
   8.1500000e+02   8.2616597e-01
   8.1600000e+02   8.3004222e-01
   8.1700000e+02   8.3407431e-01
   8.1800000e+02   8.3783130e-01
   8.1900000e+02   8.4257728e-01
   8.2000000e+02   8.4645890e-01
   8.2100000e+02   8.4869071e-01
   8.2200000e+02   8.5189122e-01
   8.2300000e+02   8.5467053e-01
   8.2400000e+02   8.5720565e-01
   8.2500000e+02   8.5895633e-01
   8.2600000e+02   8.6083255e-01
   8.2700000e+02   8.6279188e-01
   8.2800000e+02   8.6405280e-01
   8.2900000e+02   8.6501552e-01
   8.3000000e+02   8.6615548e-01
   8.3100000e+02   8.6767120e-01
   8.3200000e+02   8.6888165e-01
   8.3300000e+02   8.6939382e-01
   8.3400000e+02   8.7015582e-01
   8.3500000e+02   8.7092393e-01
   8.3600000e+02   8.7152924e-01
   8.3700000e+02   8.7126459e-01
   8.3800000e+02   8.7184382e-01
   8.3900000e+02   8.7110517e-01
   8.4000000e+02   8.7138946e-01
   8.4100000e+02   8.7000790e-01
   8.4200000e+02   8.6876729e-01
   8.4300000e+02   8.6827962e-01
   8.4400000e+02   8.6721854e-01
   8.4500000e+02   8.6589162e-01
   8.4600000e+02   8.6434434e-01
   8.4700000e+02   8.6245892e-01
   8.4800000e+02   8.6095404e-01
   8.4900000e+02   8.5978760e-01
   8.5000000e+02   8.5748124e-01
   8.5100000e+02   8.5646661e-01
   8.5200000e+02   8.5536576e-01
   8.5300000e+02   8.5385585e-01
   8.5400000e+02   8.5249561e-01
   8.5500000e+02   8.5167148e-01
   8.5600000e+02   8.5057754e-01
   8.5700000e+02   8.4928526e-01
   8.5800000e+02   8.4802701e-01
   8.5900000e+02   8.4702692e-01
   8.6000000e+02   8.4562075e-01
   8.6100000e+02   8.4436563e-01
   8.6200000e+02   8.4211893e-01
   8.6300000e+02   8.4108017e-01
   8.6400000e+02   8.4032699e-01
   8.6500000e+02   8.3873762e-01
   8.6600000e+02   8.3807507e-01
   8.6700000e+02   8.3711680e-01
   8.6800000e+02   8.3579020e-01
   8.6900000e+02   8.3508677e-01
   8.7000000e+02   8.3376776e-01
   8.7100000e+02   8.3258385e-01
   8.7200000e+02   8.3110291e-01
   8.7300000e+02   8.2960212e-01
   8.7400000e+02   8.2767045e-01
   8.7500000e+02   8.2539411e-01
   8.7600000e+02   8.2317292e-01
   8.7700000e+02   8.1898158e-01
   8.7800000e+02   8.1561479e-01
   8.7900000e+02   8.0985702e-01
   8.8000000e+02   8.0401492e-01
   8.8100000e+02   7.9790339e-01
   8.8200000e+02   7.8779237e-01
   8.8300000e+02   7.7998246e-01
   8.8400000e+02   7.7194958e-01
   8.8500000e+02   7.5825890e-01
   8.8600000e+02   7.4469950e-01
   8.8700000e+02   7.2960171e-01
   8.8800000e+02   7.0619186e-01
   8.8900000e+02   6.7904029e-01
   8.9000000e+02   6.6107482e-01
   8.9100000e+02   6.3713060e-01
   8.9200000e+02   5.9494589e-01
   8.9300000e+02   5.6282702e-01
   8.9400000e+02   5.1791702e-01
   8.9500000e+02   4.8118272e-01
   8.9600000e+02   4.4871533e-01
   8.9700000e+02   4.0514421e-01
   8.9800000e+02   3.6601021e-01
   8.9900000e+02   3.3851158e-01
   9.0000000e+02   2.8845536e-01
   9.0100000e+02   2.6046162e-01
   9.0200000e+02   2.1817402e-01
   9.0300000e+02   1.8812699e-01
   9.0400000e+02   1.5736831e-01
   9.0500000e+02   1.3626253e-01
   9.0600000e+02   1.2092690e-01
   9.0700000e+02   1.0181698e-01
   9.0800000e+02   8.9516662e-02
   9.0900000e+02   7.9053794e-02
   9.1000000e+02   6.5037866e-02
   9.1100000e+02   5.6050675e-02
   9.1200000e+02   4.8064238e-02
   9.1300000e+02   4.0591410e-02
   9.1400000e+02   3.7226307e-02
   9.1500000e+02   3.2018999e-02
   9.1600000e+02   2.8614768e-02
   9.1700000e+02   2.4019480e-02
   9.1800000e+02   2.0392854e-02
   9.1900000e+02   1.8657237e-02
   9.2000000e+02   1.5902581e-02
   9.2100000e+02   1.4378320e-02
   9.2200000e+02   1.2350767e-02
   9.2300000e+02   1.1478977e-02
   9.2400000e+02   9.4537378e-03
   9.2500000e+02   8.5414514e-03
   9.2600000e+02   7.7500033e-03
   9.2700000e+02   6.7277857e-03
   9.2800000e+02   5.8631100e-03
   9.2900000e+02   5.3031731e-03
   9.3000000e+02   4.8194975e-03
   9.3100000e+02   4.4102752e-03
   9.3200000e+02   3.7024801e-03
   9.3300000e+02   3.3585904e-03
   9.3400000e+02   3.0921729e-03
   9.3500000e+02   2.7872609e-03
   9.3600000e+02   2.5172236e-03
   9.3700000e+02   2.3990859e-03
   9.3800000e+02   2.1693322e-03
   9.3900000e+02   2.0202290e-03
   9.4000000e+02   1.8728734e-03
   9.4100000e+02   1.6075311e-03
   9.4200000e+02   1.5332167e-03
   9.4300000e+02   1.4957938e-03
   9.4400000e+02   1.2215943e-03
   9.4500000e+02   1.2615499e-03
   9.4600000e+02   1.1457008e-03
   9.4700000e+02   9.9027901e-04
   9.4800000e+02   9.1278434e-04
   9.4900000e+02   7.5495675e-04
   9.5000000e+02   7.1711862e-04
   9.5100000e+02   6.7807401e-04
   9.5200000e+02   4.7987035e-04
   9.5300000e+02   5.2089529e-04
   9.5400000e+02   4.8283273e-04
   9.5500000e+02   6.0560854e-04
   9.5600000e+02   6.0674663e-04
   9.5700000e+02   4.4640995e-04
   9.5800000e+02   5.2911050e-04
   9.5900000e+02   3.6761459e-04
   9.6000000e+02   3.6943907e-04
   9.6100000e+02   3.2942062e-04
   9.6200000e+02   2.4821430e-04
   9.6300000e+02   3.3266704e-04
   9.6400000e+02   1.6709339e-04
   9.6500000e+02   4.6077854e-04
   9.6600000e+02   2.9454741e-04
   9.6700000e+02   3.3769091e-04
   9.6800000e+02   2.9574147e-04
   9.6900000e+02   1.6685897e-04
   9.7000000e+02   2.0934710e-04
   9.7100000e+02   3.3750289e-04
   9.7200000e+02   2.5465064e-04
   9.7300000e+02   2.5644509e-04
   9.7400000e+02   1.7200283e-04
   9.7500000e+02   1.7321921e-04
   9.7600000e+02   1.3058831e-04
   9.7700000e+02   8.7422807e-05
   9.7800000e+02   2.6410667e-04
   9.7900000e+02   2.5851212e-04
   9.8000000e+02   2.6042275e-04
   9.8100000e+02   8.7510438e-05
   9.8200000e+02   8.8239098e-05
   9.8300000e+02   3.1133192e-04
   9.8400000e+02   3.1315285e-04
   9.8500000e+02   3.1500311e-04
   9.8600000e+02   1.3354929e-04
   9.8700000e+02   1.3425106e-04
   9.8800000e+02   1.3565910e-04
   9.8900000e+02   1.3649813e-04
   9.9000000e+02   8.9772879e-05
   9.9100000e+02   1.3585971e-04
   9.9200000e+02   1.3691691e-04
   9.9300000e+02   3.2222549e-04
   9.9400000e+02   2.3199825e-04
   9.9500000e+02   0.0000000e+00
   9.9600000e+02   2.3242660e-04
   9.9700000e+02   2.3601036e-04
   9.9800000e+02   3.3256541e-04
   9.9900000e+02   9.6062499e-05
   1.0000000e+03   1.4087324e-04
   1.0010000e+03   2.3823963e-04
   1.0020000e+03   1.4422776e-04
   1.0030000e+03   1.9082398e-04
   1.0040000e+03   0.0000000e+00
   1.0050000e+03   9.7717181e-05
   1.0060000e+03   3.4051145e-04
   1.0070000e+03  -4.9107015e-05
   1.0080000e+03   2.9859361e-04
   1.0090000e+03   2.9539020e-04
   1.0100000e+03   3.4924935e-04
   1.0110000e+03   1.0081885e-04
   1.0120000e+03   1.9780598e-04
   1.0130000e+03   1.0020667e-04
   1.0140000e+03   2.5434398e-04
   1.0150000e+03   5.0280286e-05
   1.0160000e+03   5.0099911e-05
   1.0170000e+03   3.5667968e-04
   1.0180000e+03   2.5709795e-04
   1.0190000e+03   5.0697165e-05
   1.0200000e+03   0.0000000e+00
   1.0210000e+03   3.0379079e-04
   1.0220000e+03   3.1057362e-04
   1.0230000e+03   3.1049790e-04
   1.0240000e+03   5.2351526e-05
   1.0250000e+03   3.1334738e-04
   1.0260000e+03   0.0000000e+00
   1.0270000e+03   1.0630763e-04
   1.0280000e+03   1.0453864e-04
   1.0290000e+03   2.6537074e-04
   1.0300000e+03   1.5911585e-04
   1.0310000e+03   3.1731004e-04
   1.0320000e+03   3.2297342e-04
   1.0330000e+03   1.6087367e-04
   1.0340000e+03   3.7084447e-04
   1.0350000e+03   1.6092119e-04
   1.0360000e+03   3.2084628e-04
   1.0370000e+03   2.6532323e-04
   1.0380000e+03   1.6180308e-04
   1.0390000e+03   4.2978577e-04
   1.0400000e+03   2.6962424e-04
   1.0410000e+03   1.6432671e-04
   1.0420000e+03   1.6548249e-04
   1.0430000e+03   1.0984225e-04
   1.0440000e+03   1.0951974e-04
   1.0450000e+03   1.6499148e-04
   1.0460000e+03   1.6233001e-04
   1.0470000e+03   1.1057357e-04
   1.0480000e+03   4.4383483e-04
   1.0490000e+03   5.4449705e-05
   1.0500000e+03   4.4175638e-04
   1.0510000e+03   1.6850288e-04
   1.0520000e+03   3.2763161e-04
   1.0530000e+03   3.8476270e-04
   1.0540000e+03   3.3308491e-04
   1.0550000e+03   3.3110455e-04
   1.0560000e+03   4.9997982e-04
   1.0570000e+03   2.7902346e-04
   1.0580000e+03   4.9540367e-04
   1.0590000e+03   2.2515692e-04
   1.0600000e+03   4.9846522e-04
   1.0610000e+03   4.4470670e-04
   1.0620000e+03   3.3177634e-04
   1.0630000e+03   2.2365403e-04
   1.0640000e+03   5.4986260e-04
   1.0650000e+03   2.7789253e-04
   1.0660000e+03   2.7805062e-04
   1.0670000e+03   2.7260699e-04
   1.0680000e+03   2.2230771e-04
   1.0690000e+03   3.2884043e-04
   1.0700000e+03   3.3604659e-04
   1.0710000e+03   4.9586922e-04
   1.0720000e+03   3.3738807e-04
   1.0730000e+03   6.1199479e-04
   1.0740000e+03   5.4656630e-04
   1.0750000e+03   3.9070837e-04
   1.0760000e+03   5.9617443e-04
   1.0770000e+03   4.8545800e-04
   1.0780000e+03   3.3243389e-04
   1.0790000e+03   4.3574446e-04
   1.0800000e+03   3.8112068e-04
   1.0810000e+03   4.2576773e-04
   1.0820000e+03   3.2672058e-04
   1.0830000e+03   6.4876567e-04
   1.0840000e+03   4.3021122e-04
   1.0850000e+03   6.3475112e-04
   1.0860000e+03   4.2659510e-04
   1.0870000e+03   5.3253365e-04
   1.0880000e+03   3.7986639e-04
   1.0890000e+03   6.9493701e-04
   1.0900000e+03   5.2562337e-04
   1.0910000e+03   7.4732065e-04
   1.0920000e+03   7.3059288e-04
   1.0930000e+03   6.1609153e-04
   1.0940000e+03   7.1603464e-04
   1.0950000e+03   6.6898267e-04
   1.0960000e+03   5.0733167e-04
   1.0970000e+03   8.1443211e-04
   1.0980000e+03   7.8588582e-04
   1.0990000e+03   5.8820632e-04
   1.1000000e+03   7.0979415e-04
