   3.0000000e+02   0.0
   3.1000000e+02   0.0
   3.2000000e+02   0.0
   3.3000000e+02   0.0
   3.4000000e+02   0.0
   3.5000000e+02   0.0
   3.6000000e+02   0.0
   3.7000000e+02   7.4554706e-04
   3.8000000e+02   6.4256081e-04
   3.9000000e+02   3.7398497e-04
   4.0000000e+02   3.7524694e-04
   4.1000000e+02   5.2156899e-04
   4.2000000e+02   4.4607258e-04
   4.3000000e+02   2.6268185e-04
   4.4000000e+02   3.3682148e-04
   4.5000000e+02   6.3745110e-04
   4.6000000e+02   1.2154071e-03
   4.7000000e+02   6.3799899e-02
   4.8000000e+02   5.0931450e-01
   4.9000000e+02   7.6870657e-01
   5.0000000e+02   8.3772554e-01
   5.1000000e+02   8.5511034e-01
   5.2000000e+02   8.5339986e-01
   5.3000000e+02   8.3846945e-01
   5.4000000e+02   8.0900306e-01
   5.5000000e+02   7.6173954e-01
   5.6000000e+02   6.9593514e-01
   5.7000000e+02   6.1027824e-01
   5.8000000e+02   5.0865725e-01
   5.9000000e+02   3.9858398e-01
   6.0000000e+02   2.9267805e-01
   6.1000000e+02   1.9735724e-01
   6.2000000e+02   1.2383651e-01
   6.3000000e+02   7.0874017e-02
   6.4000000e+02   3.6612495e-02
   6.5000000e+02   1.7752305e-02
   6.6000000e+02   7.6890744e-03
   6.7000000e+02   2.9114073e-03
   6.8000000e+02   1.0245858e-03
   6.9000000e+02   3.1373485e-04
   7.0000000e+02   1.0362525e-04
   7.1000000e+02   3.4335993e-05
   7.2000000e+02   6.8646522e-05
   7.3000000e+02   6.8858197e-05
   7.4000000e+02   6.9305971e-05
   7.5000000e+02  -6.9060771e-05
   7.6000000e+02   3.4295808e-05
   7.7000000e+02  -6.8862850e-05
   7.8000000e+02  -6.9644893e-05
   7.9000000e+02  -3.5730701e-05
   8.0000000e+02   7.3406457e-05
   8.1000000e+02  -7.5247378e-05
   8.2000000e+02  -7.6420138e-05
   8.3000000e+02  -3.8374390e-05
   8.4000000e+02   1.1584571e-04
   8.5000000e+02   7.6350191e-05
   8.6000000e+02   1.1437645e-04
   8.7000000e+02  -3.8060329e-05
   8.8000000e+02   3.8029789e-05
   8.9000000e+02   1.1605059e-04
   9.0000000e+02   3.8986607e-05
   9.1000000e+02   3.8858804e-05
   9.2000000e+02  -7.6495627e-05
   9.3000000e+02   1.1540191e-04
   9.4000000e+02  -7.8287612e-05
   9.5000000e+02   3.9985829e-05
   9.6000000e+02   1.2357137e-04
   9.7000000e+02   4.1754651e-05
   9.8000000e+02  -8.7550010e-05
   9.9000000e+02  -9.3221304e-05
   1.0000000e+03  -9.5421246e-05
   1.0100000e+03   0.0000000e+00
   1.0200000e+03   5.1575548e-05
   1.0300000e+03   0.0000000e+00
   1.0400000e+03   0.0000000e+00
   1.0500000e+03  -5.7221214e-05
   1.0600000e+03  -1.1422345e-04
   1.0700000e+03   1.6957667e-04
   1.0800000e+03   1.1009298e-04
   1.0900000e+03  -1.0799681e-04
   1.1000000e+03   2.2577779e-04
