   3.3000000e+02   6.6732295e-03
   3.3100000e+02   6.1783483e-03
   3.3200000e+02   5.5638697e-03
   3.3300000e+02   5.2921359e-03
   3.3400000e+02   4.9275128e-03
   3.3500000e+02   4.5344117e-03
   3.3600000e+02   4.1107243e-03
   3.3700000e+02   4.0215077e-03
   3.3800000e+02   3.5627870e-03
   3.3900000e+02   3.4062699e-03
   3.4000000e+02   3.2404215e-03
   3.4100000e+02   3.1256941e-03
   3.4200000e+02   2.7875655e-03
   3.4300000e+02   2.7819629e-03
   3.4400000e+02   2.5804909e-03
   3.4500000e+02   2.3915364e-03
   3.4600000e+02   2.1233548e-03
   3.4700000e+02   2.0496138e-03
   3.4800000e+02   1.8935646e-03
   3.4900000e+02   1.8253742e-03
   3.5000000e+02   1.8264062e-03
   3.5100000e+02   1.7163119e-03
   3.5200000e+02   1.4450312e-03
   3.5300000e+02   1.4796278e-03
   3.5400000e+02   1.4755106e-03
   3.5500000e+02   1.2477360e-03
   3.5600000e+02   1.3213630e-03
   3.5700000e+02   1.1398255e-03
   3.5800000e+02   1.1381274e-03
   3.5900000e+02   1.2211954e-03
   3.6000000e+02   1.1691511e-03
   3.6100000e+02   1.0222425e-03
   3.6200000e+02   9.7435807e-04
   3.6300000e+02   1.1780905e-03
   3.6400000e+02   1.1334292e-03
   3.6500000e+02   1.0493825e-03
   3.6600000e+02   1.0669728e-03
   3.6700000e+02   1.1013025e-03
   3.6800000e+02   9.4576246e-04
   3.6900000e+02   1.0259373e-03
   3.7000000e+02   9.7766615e-04
   3.7100000e+02   8.3481115e-04
   3.7200000e+02   7.9741241e-04
   3.7300000e+02   7.9673700e-04
   3.7400000e+02   8.3250317e-04
   3.7500000e+02   8.2603449e-04
   3.7600000e+02   7.1056549e-04
   3.7700000e+02   6.3704701e-04
   3.7800000e+02   6.0018955e-04
   3.7900000e+02   5.6377495e-04
   3.8000000e+02   6.4675490e-04
   3.8100000e+02   7.1887253e-04
   3.8200000e+02   4.8880664e-04
   3.8300000e+02   7.2230270e-04
   3.8400000e+02   6.8427188e-04
   3.8500000e+02   4.8790464e-04
   3.8600000e+02   6.8304982e-04
   3.8700000e+02   6.7874324e-04
   3.8800000e+02   6.4291506e-04
   3.8900000e+02   5.3020823e-04
   3.9000000e+02   5.6590174e-04
   3.9100000e+02   4.1666051e-04
   3.9200000e+02   5.2532621e-04
   3.9300000e+02   6.3563993e-04
   3.9400000e+02   5.6019276e-04
   3.9500000e+02   5.6407916e-04
   3.9600000e+02   4.8972639e-04
   3.9700000e+02   4.9295698e-04
   3.9800000e+02   3.8001075e-04
   3.9900000e+02   5.6418118e-04
   4.0000000e+02   5.6814280e-04
   4.0100000e+02   3.7734872e-04
   4.0200000e+02   4.5268732e-04
   4.0300000e+02   5.2434143e-04
   4.0400000e+02   3.4177605e-04
   4.0500000e+02   3.3870944e-04
   4.0600000e+02   5.2448344e-04
   4.0700000e+02   4.1817097e-04
   4.0800000e+02   4.5362120e-04
   4.0900000e+02   3.4072928e-04
   4.1000000e+02   5.2848713e-04
   4.1100000e+02   4.8772656e-04
   4.1200000e+02   3.8029748e-04
   4.1300000e+02   3.3723577e-04
   4.1400000e+02   4.9083420e-04
   4.1500000e+02   4.8877359e-04
   4.1600000e+02   4.1229609e-04
   4.1700000e+02   3.7334989e-04
   4.1800000e+02   3.4124844e-04
   4.1900000e+02   3.0221787e-04
   4.2000000e+02   4.5212013e-04
   4.2100000e+02   4.5541324e-04
   4.2200000e+02   4.5569762e-04
   4.2300000e+02   3.4025425e-04
   4.2400000e+02   3.4155528e-04
   4.2500000e+02   3.7701655e-04
   4.2600000e+02   4.1631088e-04
   4.2700000e+02   2.2679176e-04
   4.2800000e+02   4.1045283e-04
   4.2900000e+02   3.0468097e-04
   4.3000000e+02   3.4208717e-04
   4.3100000e+02   4.0982334e-04
   4.3200000e+02   3.8042774e-04
   4.3300000e+02   3.7251406e-04
   4.3400000e+02   2.2745938e-04
   4.3500000e+02   1.8576110e-04
   4.3600000e+02   4.4897617e-04
   4.3700000e+02   3.4100225e-04
   4.3800000e+02   3.0284489e-04
   4.3900000e+02   3.3640863e-04
   4.4000000e+02   3.7496827e-04
   4.4100000e+02   2.2513497e-04
   4.4200000e+02   3.7690525e-04
   4.4300000e+02   3.7221912e-04
   4.4400000e+02   2.9728134e-04
   4.4500000e+02   3.7446360e-04
   4.4600000e+02   3.7430903e-04
   4.4700000e+02   2.6324671e-04
   4.4800000e+02   3.3880528e-04
   4.4900000e+02   3.0247742e-04
   4.5000000e+02   2.2205356e-04
   4.5100000e+02   3.7808234e-04
   4.5200000e+02   4.1546010e-04
   4.5300000e+02   1.8506279e-04
   4.5400000e+02   2.6203299e-04
   4.5500000e+02   2.2490000e-04
   4.5600000e+02   1.8943682e-04
   4.5700000e+02   3.0314469e-04
   4.5800000e+02   3.3444170e-04
   4.5900000e+02   4.5054097e-04
   4.6000000e+02   2.6388531e-04
   4.6100000e+02   2.6218885e-04
   4.6200000e+02   3.0097868e-04
   4.6300000e+02   3.3172677e-04
   4.6400000e+02   3.0250676e-04
   4.6500000e+02   2.2518262e-04
   4.6600000e+02   1.8838598e-04
   4.6700000e+02   1.4766611e-04
   4.6800000e+02   2.2469505e-04
   4.6900000e+02   3.0074794e-04
   4.7000000e+02   2.5860951e-04
   4.7100000e+02   2.2546296e-04
   4.7200000e+02   1.8902622e-04
   4.7300000e+02   3.0199906e-04
   4.7400000e+02   2.9585614e-04
   4.7500000e+02   1.4902304e-04
   4.7600000e+02   3.7834948e-04
   4.7700000e+02   3.7118199e-04
   4.7800000e+02   1.5024984e-04
   4.7900000e+02   2.9888206e-04
   4.8000000e+02   1.1389532e-04
   4.8100000e+02   3.3941292e-04
   4.8200000e+02   3.7042673e-04
   4.8300000e+02   1.4964788e-04
   4.8400000e+02   2.5743039e-04
   4.8500000e+02   2.2336772e-04
   4.8600000e+02   2.2624527e-04
   4.8700000e+02   1.8482750e-04
   4.8800000e+02   2.6350401e-04
   4.8900000e+02   3.3234267e-04
   4.9000000e+02   3.0037144e-04
   4.9100000e+02   1.8728457e-04
   4.9200000e+02   2.5737844e-04
   4.9300000e+02   2.2208731e-04
   4.9400000e+02   1.4559694e-04
   4.9500000e+02   3.3496810e-04
   4.9600000e+02   1.8278008e-04
   4.9700000e+02   4.5347322e-04
   4.9800000e+02   3.3448944e-04
   4.9900000e+02   3.7550436e-04
   5.0000000e+02   3.3229921e-04
   5.0100000e+02   3.3932629e-04
   5.0200000e+02   2.2239449e-04
   5.0300000e+02   3.7545312e-04
   5.0400000e+02   2.2154474e-04
   5.0500000e+02   1.8901096e-04
   5.0600000e+02   2.2322741e-04
   5.0700000e+02   1.4603860e-04
   5.0800000e+02   1.1399470e-04
   5.0900000e+02   2.6117177e-04
   5.1000000e+02   1.8370865e-04
   5.1100000e+02   2.9968517e-04
   5.1200000e+02   2.2405432e-04
   5.1300000e+02   7.3507974e-05
   5.1400000e+02   1.1294105e-04
   5.1500000e+02   1.8779468e-04
   5.1600000e+02   2.2218970e-04
   5.1700000e+02   3.0156266e-04
   5.1800000e+02   1.4817867e-04
   5.1900000e+02   1.4599196e-04
   5.2000000e+02   1.8697461e-04
   5.2100000e+02   2.5812383e-04
   5.2200000e+02   2.2646220e-04
   5.2300000e+02   2.6416400e-04
   5.2400000e+02   3.3440549e-04
   5.2500000e+02   2.1992846e-04
   5.2600000e+02   1.8653263e-04
   5.2700000e+02   1.4692098e-04
   5.2800000e+02   1.1367162e-04
   5.2900000e+02   7.4631960e-05
   5.3000000e+02   2.5766410e-04
   5.3100000e+02   3.3708015e-04
   5.3200000e+02   2.5864430e-04
   5.3300000e+02   1.4560133e-04
   5.3400000e+02   3.0023652e-04
   5.3500000e+02   2.9619493e-04
   5.3600000e+02   3.2981874e-04
   5.3700000e+02   3.3723574e-04
   5.3800000e+02   1.5090148e-04
   5.3900000e+02   3.7196151e-04
   5.4000000e+02   2.9311304e-04
   5.4100000e+02   3.0167728e-04
   5.4200000e+02   3.0236935e-04
   5.4300000e+02   4.1015759e-04
   5.4400000e+02   6.9900176e-04
   5.4500000e+02   1.3822780e-03
   5.4600000e+02   2.1494273e-03
   5.4700000e+02   4.1593832e-03
   5.4800000e+02   7.5743784e-03
   5.4900000e+02   1.2802274e-02
   5.5000000e+02   2.1741571e-02
   5.5100000e+02   3.4481830e-02
   5.5200000e+02   4.8368004e-02
   5.5300000e+02   7.2761491e-02
   5.5400000e+02   1.0137069e-01
   5.5500000e+02   1.3263007e-01
   5.5600000e+02   1.7759317e-01
   5.5700000e+02   2.1109166e-01
   5.5800000e+02   2.5452714e-01
   5.5900000e+02   3.1079754e-01
   5.6000000e+02   3.4553148e-01
   5.6100000e+02   3.9576494e-01
   5.6200000e+02   4.4338772e-01
   5.6300000e+02   4.7615333e-01
   5.6400000e+02   5.1890314e-01
   5.6500000e+02   5.5637262e-01
   5.6600000e+02   5.8415489e-01
   5.6700000e+02   6.1327793e-01
   5.6800000e+02   6.4000111e-01
   5.6900000e+02   6.6160189e-01
   5.7000000e+02   6.8735022e-01
   5.7100000e+02   7.0574748e-01
   5.7200000e+02   7.2106328e-01
   5.7300000e+02   7.3659828e-01
   5.7400000e+02   7.5086141e-01
   5.7500000e+02   7.6250397e-01
   5.7600000e+02   7.7321323e-01
   5.7700000e+02   7.8240535e-01
   5.7800000e+02   7.9143381e-01
   5.7900000e+02   7.9754687e-01
   5.8000000e+02   8.0339065e-01
   5.8100000e+02   8.0864623e-01
   5.8200000e+02   8.1376241e-01
   5.8300000e+02   8.1788366e-01
   5.8400000e+02   8.2165867e-01
   5.8500000e+02   8.2482917e-01
   5.8600000e+02   8.2756409e-01
   5.8700000e+02   8.2979717e-01
   5.8800000e+02   8.3144349e-01
   5.8900000e+02   8.3293523e-01
   5.9000000e+02   8.3435375e-01
   5.9100000e+02   8.3520751e-01
   5.9200000e+02   8.3622482e-01
   5.9300000e+02   8.3684001e-01
   5.9400000e+02   8.3738471e-01
   5.9500000e+02   8.3743853e-01
   5.9600000e+02   8.3768310e-01
   5.9700000e+02   8.3738999e-01
   5.9800000e+02   8.3747799e-01
   5.9900000e+02   8.3749882e-01
   6.0000000e+02   8.3675001e-01
   6.0100000e+02   8.3594291e-01
   6.0200000e+02   8.3540721e-01
   6.0300000e+02   8.3478445e-01
   6.0400000e+02   8.3392078e-01
   6.0500000e+02   8.3321716e-01
   6.0600000e+02   8.3197172e-01
   6.0700000e+02   8.3102688e-01
   6.0800000e+02   8.2989156e-01
   6.0900000e+02   8.2836864e-01
   6.1000000e+02   8.2716349e-01
   6.1100000e+02   8.2557548e-01
   6.1200000e+02   8.2385114e-01
   6.1300000e+02   8.2288809e-01
   6.1400000e+02   8.2101562e-01
   6.1500000e+02   8.1930886e-01
   6.1600000e+02   8.1751321e-01
   6.1700000e+02   8.1600571e-01
   6.1800000e+02   8.1420380e-01
   6.1900000e+02   8.1219363e-01
   6.2000000e+02   8.1036009e-01
   6.2100000e+02   8.0791231e-01
   6.2200000e+02   8.0608238e-01
   6.2300000e+02   8.0355064e-01
   6.2400000e+02   8.0211495e-01
   6.2500000e+02   7.9994948e-01
   6.2600000e+02   7.9734007e-01
   6.2700000e+02   7.9514711e-01
   6.2800000e+02   7.9332102e-01
   6.2900000e+02   7.9128401e-01
   6.3000000e+02   7.8905784e-01
   6.3100000e+02   7.8638924e-01
   6.3200000e+02   7.8329493e-01
   6.3300000e+02   7.8110586e-01
   6.3400000e+02   7.7840954e-01
   6.3500000e+02   7.7613149e-01
   6.3600000e+02   7.7379579e-01
   6.3700000e+02   7.7101652e-01
   6.3800000e+02   7.6874324e-01
   6.3900000e+02   7.6579870e-01
   6.4000000e+02   7.6319344e-01
   6.4100000e+02   7.6016321e-01
   6.4200000e+02   7.5735918e-01
   6.4300000e+02   7.5523600e-01
   6.4400000e+02   7.5203975e-01
   6.4500000e+02   7.4867838e-01
   6.4600000e+02   7.4618020e-01
   6.4700000e+02   7.4308359e-01
   6.4800000e+02   7.4038041e-01
   6.4900000e+02   7.3700666e-01
   6.5000000e+02   7.3426567e-01
   6.5100000e+02   7.3153700e-01
   6.5200000e+02   7.2834021e-01
   6.5300000e+02   7.2551813e-01
   6.5400000e+02   7.2139444e-01
   6.5500000e+02   7.1916375e-01
   6.5600000e+02   7.1625267e-01
   6.5700000e+02   7.1293460e-01
   6.5800000e+02   7.0966728e-01
   6.5900000e+02   7.0693644e-01
   6.6000000e+02   7.0419083e-01
   6.6100000e+02   7.0058805e-01
   6.6200000e+02   6.9715101e-01
   6.6300000e+02   6.9362452e-01
   6.6400000e+02   6.9043465e-01
   6.6500000e+02   6.8735569e-01
   6.6600000e+02   6.8379514e-01
   6.6700000e+02   6.7957759e-01
   6.6800000e+02   6.7622470e-01
   6.6900000e+02   6.7394105e-01
   6.7000000e+02   6.6988247e-01
   6.7100000e+02   6.6668304e-01
   6.7200000e+02   6.6291094e-01
   6.7300000e+02   6.6024477e-01
   6.7400000e+02   6.5680251e-01
   6.7500000e+02   6.5252000e-01
   6.7600000e+02   6.4854885e-01
   6.7700000e+02   6.4489024e-01
   6.7800000e+02   6.4152218e-01
   6.7900000e+02   6.3737333e-01
   6.8000000e+02   6.3402986e-01
   6.8100000e+02   6.3017521e-01
   6.8200000e+02   6.2713193e-01
   6.8300000e+02   6.2262221e-01
   6.8400000e+02   6.1876788e-01
   6.8500000e+02   6.1417310e-01
   6.8600000e+02   6.1055198e-01
   6.8700000e+02   6.0625519e-01
   6.8800000e+02   6.0188982e-01
   6.8900000e+02   5.9805829e-01
   6.9000000e+02   5.9364563e-01
   6.9100000e+02   5.8981829e-01
   6.9200000e+02   5.8473893e-01
   6.9300000e+02   5.8116219e-01
   6.9400000e+02   5.7685616e-01
   6.9500000e+02   5.7206189e-01
   6.9600000e+02   5.6805245e-01
   6.9700000e+02   5.6446140e-01
   6.9800000e+02   5.5951142e-01
   6.9900000e+02   5.5602157e-01
   7.0000000e+02   5.5187483e-01
   7.0100000e+02   5.4747602e-01
   7.0200000e+02   5.4359969e-01
   7.0300000e+02   5.3915231e-01
   7.0400000e+02   5.3530795e-01
   7.0500000e+02   5.3079152e-01
   7.0600000e+02   5.2599517e-01
   7.0700000e+02   5.2253328e-01
   7.0800000e+02   5.1843653e-01
   7.0900000e+02   5.1402658e-01
   7.1000000e+02   5.0887964e-01
   7.1100000e+02   5.0481909e-01
   7.1200000e+02   5.0175226e-01
   7.1300000e+02   4.9694041e-01
   7.1400000e+02   4.9295838e-01
   7.1500000e+02   4.8772352e-01
   7.1600000e+02   4.8332454e-01
   7.1700000e+02   4.8023975e-01
   7.1800000e+02   4.7540877e-01
   7.1900000e+02   4.7102196e-01
   7.2000000e+02   4.6696217e-01
   7.2100000e+02   4.6313501e-01
   7.2200000e+02   4.5942555e-01
   7.2300000e+02   4.5547291e-01
   7.2400000e+02   4.5151529e-01
   7.2500000e+02   4.4730292e-01
   7.2600000e+02   4.4302307e-01
   7.2700000e+02   4.3878038e-01
   7.2800000e+02   4.3428146e-01
   7.2900000e+02   4.3002830e-01
   7.3000000e+02   4.2599960e-01
   7.3100000e+02   4.2169965e-01
   7.3200000e+02   4.1657296e-01
   7.3300000e+02   4.1307814e-01
   7.3400000e+02   4.0937883e-01
   7.3500000e+02   4.0534821e-01
   7.3600000e+02   4.0176650e-01
   7.3700000e+02   3.9806818e-01
   7.3800000e+02   3.9318573e-01
   7.3900000e+02   3.8944906e-01
   7.4000000e+02   3.8535605e-01
   7.4100000e+02   3.8223803e-01
   7.4200000e+02   3.7752461e-01
   7.4300000e+02   3.7332122e-01
   7.4400000e+02   3.6877056e-01
   7.4500000e+02   3.6534344e-01
   7.4600000e+02   3.6182055e-01
   7.4700000e+02   3.5746990e-01
   7.4800000e+02   3.5368631e-01
   7.4900000e+02   3.5026255e-01
   7.5000000e+02   3.4559657e-01
   7.5100000e+02   3.4286620e-01
   7.5200000e+02   3.3856986e-01
   7.5300000e+02   3.3466781e-01
   7.5400000e+02   3.3058129e-01
   7.5500000e+02   3.2635701e-01
   7.5600000e+02   3.2283745e-01
   7.5700000e+02   3.1993649e-01
   7.5800000e+02   3.1600168e-01
   7.5900000e+02   3.1224764e-01
   7.6000000e+02   3.0710545e-01
   7.6100000e+02   3.0397518e-01
   7.6200000e+02   3.0027399e-01
   7.6300000e+02   2.9592061e-01
   7.6400000e+02   2.9359977e-01
   7.6500000e+02   2.8900519e-01
   7.6600000e+02   2.8478556e-01
   7.6700000e+02   2.8175306e-01
   7.6800000e+02   2.7763617e-01
   7.6900000e+02   2.7433410e-01
   7.7000000e+02   2.7129203e-01
   7.7100000e+02   2.6722666e-01
   7.7200000e+02   2.6395009e-01
   7.7300000e+02   2.6016145e-01
   7.7400000e+02   2.5661160e-01
   7.7500000e+02   2.5380901e-01
   7.7600000e+02   2.5003711e-01
   7.7700000e+02   2.4699572e-01
   7.7800000e+02   2.4301044e-01
   7.7900000e+02   2.3961837e-01
   7.8000000e+02   2.3581380e-01
   7.8100000e+02   2.3266149e-01
   7.8200000e+02   2.3049212e-01
   7.8300000e+02   2.2749731e-01
   7.8400000e+02   2.2493519e-01
   7.8500000e+02   2.2046283e-01
   7.8600000e+02   2.1768636e-01
   7.8700000e+02   2.1484499e-01
   7.8800000e+02   2.1212014e-01
   7.8900000e+02   2.0861971e-01
   7.9000000e+02   2.0564877e-01
   7.9100000e+02   2.0275179e-01
   7.9200000e+02   1.9964955e-01
   7.9300000e+02   1.9636992e-01
   7.9400000e+02   1.9374082e-01
   7.9500000e+02   1.9057269e-01
   7.9600000e+02   1.8845419e-01
   7.9700000e+02   1.8597888e-01
   7.9800000e+02   1.8253499e-01
   7.9900000e+02   1.7958751e-01
   8.0000000e+02   1.7709809e-01
   8.0100000e+02   1.7462243e-01
   8.0200000e+02   1.7196102e-01
   8.0300000e+02   1.7020731e-01
   8.0400000e+02   1.6669137e-01
   8.0500000e+02   1.6327886e-01
   8.0600000e+02   1.6064632e-01
   8.0700000e+02   1.5798110e-01
   8.0800000e+02   1.5571287e-01
   8.0900000e+02   1.5387888e-01
   8.1000000e+02   1.5032494e-01
   8.1100000e+02   1.4767271e-01
   8.1200000e+02   1.4558846e-01
   8.1300000e+02   1.4327124e-01
   8.1400000e+02   1.4128273e-01
   8.1500000e+02   1.3929181e-01
   8.1600000e+02   1.3715087e-01
   8.1700000e+02   1.3474173e-01
   8.1800000e+02   1.3288421e-01
   8.1900000e+02   1.3039338e-01
   8.2000000e+02   1.2832485e-01
   8.2100000e+02   1.2685296e-01
   8.2200000e+02   1.2442149e-01
   8.2300000e+02   1.2275434e-01
   8.2400000e+02   1.2051947e-01
   8.2500000e+02   1.1869370e-01
   8.2600000e+02   1.1686111e-01
   8.2700000e+02   1.1497967e-01
   8.2800000e+02   1.1321147e-01
   8.2900000e+02   1.1133575e-01
   8.3000000e+02   1.0907254e-01
   8.3100000e+02   1.0689762e-01
   8.3200000e+02   1.0533924e-01
   8.3300000e+02   1.0359883e-01
   8.3400000e+02   1.0118320e-01
   8.3500000e+02   9.9450765e-02
   8.3600000e+02   9.8068108e-02
   8.3700000e+02   9.7021887e-02
   8.3800000e+02   9.4868103e-02
   8.3900000e+02   9.2666032e-02
   8.4000000e+02   9.1479265e-02
   8.4100000e+02   8.9868868e-02
   8.4200000e+02   8.9083974e-02
   8.4300000e+02   8.7135418e-02
   8.4400000e+02   8.5546034e-02
   8.4500000e+02   8.4087592e-02
   8.4600000e+02   8.2103343e-02
   8.4700000e+02   8.0959622e-02
   8.4800000e+02   7.9102797e-02
   8.4900000e+02   7.8157209e-02
   8.5000000e+02   7.6245067e-02
   8.5100000e+02   7.5056207e-02
   8.5200000e+02   7.3440517e-02
   8.5300000e+02   7.2759654e-02
   8.5400000e+02   7.1480546e-02
   8.5500000e+02   6.9855784e-02
   8.5600000e+02   6.8765367e-02
   8.5700000e+02   6.7634427e-02
   8.5800000e+02   6.6519271e-02
   8.5900000e+02   6.5545094e-02
   8.6000000e+02   6.4322711e-02
   8.6100000e+02   6.3731521e-02
   8.6200000e+02   6.1539786e-02
   8.6300000e+02   6.0305844e-02
   8.6400000e+02   5.9301719e-02
   8.6500000e+02   5.7953221e-02
   8.6600000e+02   5.7170643e-02
   8.6700000e+02   5.6011739e-02
   8.6800000e+02   5.5174290e-02
   8.6900000e+02   5.4272473e-02
   8.7000000e+02   5.3309829e-02
   8.7100000e+02   5.2180441e-02
   8.7200000e+02   5.0872490e-02
   8.7300000e+02   5.0352087e-02
   8.7400000e+02   4.9239043e-02
   8.7500000e+02   4.8230493e-02
   8.7600000e+02   4.7531496e-02
   8.7700000e+02   4.6272067e-02
   8.7800000e+02   4.5573280e-02
   8.7900000e+02   4.4613403e-02
   8.8000000e+02   4.3681195e-02
   8.8100000e+02   4.2865111e-02
   8.8200000e+02   4.1851095e-02
   8.8300000e+02   4.1327571e-02
   8.8400000e+02   4.0527610e-02
   8.8500000e+02   3.9554466e-02
   8.8600000e+02   3.8920901e-02
   8.8700000e+02   3.8406653e-02
   8.8800000e+02   3.7663415e-02
   8.8900000e+02   3.6965396e-02
   8.9000000e+02   3.5918764e-02
   8.9100000e+02   3.5448733e-02
   8.9200000e+02   3.4808433e-02
   8.9300000e+02   3.4169784e-02
   8.9400000e+02   3.3531874e-02
   8.9500000e+02   3.2961817e-02
   8.9600000e+02   3.2424212e-02
   8.9700000e+02   3.1800387e-02
   8.9800000e+02   3.1226668e-02
   8.9900000e+02   3.0991756e-02
   9.0000000e+02   3.0100348e-02
   9.0100000e+02   2.9700152e-02
   9.0200000e+02   2.8971613e-02
   9.0300000e+02   2.8325388e-02
   9.0400000e+02   2.7870928e-02
   9.0500000e+02   2.7296876e-02
   9.0600000e+02   2.7017440e-02
   9.0700000e+02   2.6345626e-02
   9.0800000e+02   2.5831706e-02
   9.0900000e+02   2.5545634e-02
   9.1000000e+02   2.4981559e-02
   9.1100000e+02   2.4377496e-02
   9.1200000e+02   2.3989212e-02
   9.1300000e+02   2.3352557e-02
   9.1400000e+02   2.3207954e-02
   9.1500000e+02   2.2670112e-02
   9.1600000e+02   2.2410565e-02
   9.1700000e+02   2.2028964e-02
   9.1800000e+02   2.1604130e-02
   9.1900000e+02   2.1046867e-02
   9.2000000e+02   2.0645435e-02
   9.2100000e+02   2.0378736e-02
   9.2200000e+02   1.9946381e-02
   9.2300000e+02   1.9579166e-02
   9.2400000e+02   1.9230044e-02
   9.2500000e+02   1.8953079e-02
   9.2600000e+02   1.8429894e-02
   9.2700000e+02   1.8249565e-02
   9.2800000e+02   1.7779612e-02
   9.2900000e+02   1.7442800e-02
   9.3000000e+02   1.7105523e-02
   9.3100000e+02   1.6734291e-02
   9.3200000e+02   1.6467239e-02
   9.3300000e+02   1.6098186e-02
   9.3400000e+02   1.5849810e-02
   9.3500000e+02   1.5517819e-02
   9.3600000e+02   1.5372729e-02
   9.3700000e+02   1.5181315e-02
   9.3800000e+02   1.4912901e-02
   9.3900000e+02   1.4708699e-02
   9.4000000e+02   1.4441442e-02
   9.4100000e+02   1.4094492e-02
   9.4200000e+02   1.3934055e-02
   9.4300000e+02   1.3520630e-02
   9.4400000e+02   1.3304827e-02
   9.4500000e+02   1.3007906e-02
   9.4600000e+02   1.2746872e-02
   9.4700000e+02   1.2697475e-02
   9.4800000e+02   1.2400816e-02
   9.4900000e+02   1.2257669e-02
   9.5000000e+02   1.1881486e-02
   9.5100000e+02   1.1776030e-02
   9.5200000e+02   1.1606571e-02
   9.5300000e+02   1.1428254e-02
   9.5400000e+02   1.1308168e-02
   9.5500000e+02   1.0820162e-02
   9.5600000e+02   1.0714260e-02
   9.5700000e+02   1.0595807e-02
   9.5800000e+02   1.0381052e-02
   9.5900000e+02   1.0220309e-02
   9.6000000e+02   1.0143290e-02
   9.6100000e+02   9.8437129e-03
   9.6200000e+02   9.7189960e-03
   9.6300000e+02   9.6063665e-03
   9.6400000e+02   9.5160602e-03
   9.6500000e+02   9.2865964e-03
   9.6600000e+02   9.0426920e-03
   9.6700000e+02   8.8971971e-03
   9.6800000e+02   8.7418268e-03
   9.6900000e+02   8.7126902e-03
   9.7000000e+02   8.7100371e-03
   9.7100000e+02   8.5227484e-03
   9.7200000e+02   8.3977270e-03
   9.7300000e+02   8.0672601e-03
   9.7400000e+02   8.1181430e-03
   9.7500000e+02   8.0451510e-03
   9.7600000e+02   7.6948357e-03
   9.7700000e+02   7.6034046e-03
   9.7800000e+02   7.5259449e-03
   9.7900000e+02   7.3023387e-03
   9.8000000e+02   7.2263834e-03
   9.8100000e+02   7.1622630e-03
   9.8200000e+02   6.9558102e-03
   9.8300000e+02   7.0486665e-03
   9.8400000e+02   6.9140598e-03
   9.8500000e+02   6.5925998e-03
   9.8600000e+02   6.4782810e-03
   9.8700000e+02   6.3931750e-03
   9.8800000e+02   6.2683440e-03
   9.8900000e+02   6.1670863e-03
   9.9000000e+02   6.1392587e-03
   9.9100000e+02   5.9289621e-03
   9.9200000e+02   5.9319833e-03
   9.9300000e+02   5.9362206e-03
   9.9400000e+02   5.9758395e-03
   9.9500000e+02   5.8819123e-03
   9.9600000e+02   5.5828338e-03
   9.9700000e+02   5.3859145e-03
   9.9800000e+02   5.3746451e-03
   9.9900000e+02   5.3368382e-03
   1.0000000e+03   5.4119768e-03
   1.0010000e+03   5.3480619e-03
   1.0020000e+03   5.1487485e-03
   1.0030000e+03   5.1582302e-03
   1.0040000e+03   5.0929877e-03
   1.0050000e+03   4.9601034e-03
   1.0060000e+03   4.7693305e-03
   1.0070000e+03   4.8247518e-03
   1.0080000e+03   4.7786770e-03
   1.0090000e+03   4.7153744e-03
   1.0100000e+03   4.6755913e-03
   1.0110000e+03   4.6761058e-03
   1.0120000e+03   4.5993815e-03
   1.0130000e+03   4.6143414e-03
   1.0140000e+03   4.5185600e-03
   1.0150000e+03   4.1939321e-03
   1.0160000e+03   4.3073348e-03
   1.0170000e+03   4.2880567e-03
   1.0180000e+03   4.2736123e-03
   1.0190000e+03   3.9716998e-03
   1.0200000e+03   3.9917607e-03
   1.0210000e+03   4.0591769e-03
   1.0220000e+03   4.0934010e-03
   1.0230000e+03   3.9791174e-03
   1.0240000e+03   3.7988097e-03
   1.0250000e+03   3.9255150e-03
   1.0260000e+03   3.8394982e-03
   1.0270000e+03   3.6061101e-03
   1.0280000e+03   3.5115565e-03
   1.0290000e+03   3.6122002e-03
   1.0300000e+03   3.4366005e-03
   1.0310000e+03   3.6396102e-03
   1.0320000e+03   3.6462632e-03
   1.0330000e+03   3.3640490e-03
   1.0340000e+03   3.4755756e-03
   1.0350000e+03   3.3105609e-03
   1.0360000e+03   3.2018648e-03
   1.0370000e+03   3.3440466e-03
   1.0380000e+03   3.3440138e-03
   1.0390000e+03   3.1554847e-03
   1.0400000e+03   3.0720094e-03
   1.0410000e+03   3.2695906e-03
   1.0420000e+03   3.2270117e-03
   1.0430000e+03   3.1281904e-03
   1.0440000e+03   3.1211392e-03
   1.0450000e+03   3.0716971e-03
   1.0460000e+03   3.1352353e-03
   1.0470000e+03   2.9712280e-03
   1.0480000e+03   2.7471802e-03
   1.0490000e+03   2.9980051e-03
   1.0500000e+03   2.6814496e-03
   1.0510000e+03   2.6341803e-03
   1.0520000e+03   2.6171393e-03
   1.0530000e+03   2.5750126e-03
   1.0540000e+03   2.6608974e-03
   1.0550000e+03   2.7096615e-03
   1.0560000e+03   2.6530401e-03
   1.0570000e+03   2.6127595e-03
   1.0580000e+03   2.6367195e-03
   1.0590000e+03   2.4823133e-03
   1.0600000e+03   2.3237230e-03
   1.0610000e+03   2.4611399e-03
   1.0620000e+03   2.3659909e-03
   1.0630000e+03   2.4067293e-03
   1.0640000e+03   2.3223052e-03
   1.0650000e+03   2.3940095e-03
   1.0660000e+03   2.1183378e-03
   1.0670000e+03   2.4557104e-03
   1.0680000e+03   2.2802805e-03
   1.0690000e+03   2.4658251e-03
   1.0700000e+03   2.4147975e-03
   1.0710000e+03   2.1464320e-03
   1.0720000e+03   2.4193901e-03
   1.0730000e+03   2.2280158e-03
   1.0740000e+03   2.4122527e-03
   1.0750000e+03   2.0743435e-03
   1.0760000e+03   2.1754968e-03
   1.0770000e+03   2.2732710e-03
   1.0780000e+03   2.0580742e-03
   1.0790000e+03   2.2942992e-03
   1.0800000e+03   2.0140470e-03
   1.0810000e+03   2.2968080e-03
   1.0820000e+03   2.0231479e-03
   1.0830000e+03   2.2835548e-03
   1.0840000e+03   2.3114225e-03
   1.0850000e+03   2.1382730e-03
   1.0860000e+03   2.1981151e-03
   1.0870000e+03   2.3000499e-03
   1.0880000e+03   2.0676208e-03
   1.0890000e+03   2.2451851e-03
   1.0900000e+03   2.2729361e-03
   1.0910000e+03   2.2475149e-03
   1.0920000e+03   2.3238656e-03
   1.0930000e+03   2.2399228e-03
   1.0940000e+03   2.1970902e-03
   1.0950000e+03   2.0448542e-03
   1.0960000e+03   2.1111991e-03
   1.0970000e+03   1.9336328e-03
   1.0980000e+03   2.1789335e-03
   1.0990000e+03   2.1913007e-03
   1.1000000e+03   2.1791279e-03
