   3.2000000e+02   6.7889683e-03
   3.3000000e+02   3.0912237e-03
   3.4000000e+02   1.5844817e-03
   3.5000000e+02   6.2800600e-03
   3.6000000e+02   9.2126085e-02
   3.7000000e+02   2.7047096e-01
   3.8000000e+02   4.3347995e-01
   3.9000000e+02   5.5072948e-01
   4.0000000e+02   6.2338777e-01
   4.1000000e+02   6.6400459e-01
   4.2000000e+02   6.8433598e-01
   4.3000000e+02   6.8199729e-01
   4.4000000e+02   6.6397484e-01
   4.5000000e+02   6.2241101e-01
   4.6000000e+02   5.5891645e-01
   4.7000000e+02   4.3421907e-01
   4.8000000e+02   2.7924236e-01
   4.9000000e+02   1.5064924e-01
   5.0000000e+02   7.8970195e-02
   5.1000000e+02   3.0503506e-02
   5.2000000e+02   9.4276358e-03
   5.3000000e+02   2.2619026e-03
   5.4000000e+02   1.0923925e-03
   5.5000000e+02   1.7340910e-03
   5.6000000e+02   3.1054993e-03
   5.7000000e+02   1.4650558e-03
   5.8000000e+02   0.0000000e+00
   5.9000000e+02   3.6978194e-05
   6.0000000e+02  -1.1248302e-04
   6.1000000e+02   0.0000000e+00
   6.2000000e+02  -1.1269974e-04
   6.3000000e+02  -1.1375912e-04
   6.4000000e+02  -3.7718898e-05
   6.5000000e+02  -1.1393386e-04
   6.6000000e+02  -1.1077984e-04
   6.7000000e+02  -1.8027540e-04
   6.8000000e+02  -1.4161188e-04
   6.9000000e+02  -6.9825854e-05
   7.0000000e+02   0.0000000e+00
   7.1000000e+02  -3.4393553e-05
   7.2000000e+02  -1.0326131e-04
   7.3000000e+02  -1.7257069e-04
   7.4000000e+02  -3.4722755e-05
   7.5000000e+02  -1.0399605e-04
   7.6000000e+02   3.4348675e-05
   7.7000000e+02  -1.3767364e-04
   7.8000000e+02   0.0000000e+00
   7.9000000e+02  -3.5635024e-05
   8.0000000e+02  -7.3240774e-05
   8.1000000e+02   3.7557925e-05
   8.2000000e+02   3.8159007e-05
   8.3000000e+02   7.6738282e-05
   8.4000000e+02  -7.7222715e-05
   8.5000000e+02   3.8293909e-05
   8.6000000e+02  -1.1481883e-04
   8.7000000e+02  -1.1507839e-04
   8.8000000e+02  -1.1488276e-04
   8.9000000e+02   0.0000000e+00
   9.0000000e+02   3.9218098e-05
   9.1000000e+02   0.0000000e+00
   9.2000000e+02   3.8504192e-05
   9.3000000e+02   0.0000000e+00
   9.4000000e+02   1.1805822e-04
   9.5000000e+02   4.0241019e-05
   9.6000000e+02  -4.1320413e-05
   9.7000000e+02  -1.2600727e-04
   9.8000000e+02  -8.8196457e-05
   9.9000000e+02  -9.3699905e-05
   1.0000000e+03  -4.7919767e-05
   1.0100000e+03   1.0759949e-04
   1.0200000e+03   0.0000000e+00
   1.0300000e+03   1.1012756e-04
   1.0400000e+03   5.5537016e-05
   1.0500000e+03  -5.5787295e-05
   1.0600000e+03  -1.7034254e-04
   1.0700000e+03   0.0000000e+00
   1.0800000e+03   5.4990870e-05
   1.0900000e+03  -1.0841168e-04
   1.1000000e+03  -1.1207907e-04
