   3.0000000e+02   1.9154540e-02
   3.1000000e+02   4.1483473e-02
   3.2000000e+02   1.8707588e-01
   3.3000000e+02   3.7100320e-01
   3.4000000e+02   5.2355253e-01
   3.5000000e+02   6.2008379e-01
   3.6000000e+02   6.7369052e-01
   3.7000000e+02   6.8563014e-01
   3.8000000e+02   6.2171311e-01
   3.9000000e+02   4.2084599e-01
   4.0000000e+02   1.5634004e-01
   4.1000000e+02   2.6410658e-02
   4.2000000e+02   2.5257838e-03
   4.3000000e+02   7.4832840e-05
   4.4000000e+02   0.0000000e+00
   4.5000000e+02  -3.7442694e-05
   4.6000000e+02   3.6794582e-05
   4.7000000e+02  -3.6173241e-05
   4.8000000e+02  -2.2280529e-04
   4.9000000e+02  -2.2043365e-04
   5.0000000e+02  -2.1696023e-04
   5.1000000e+02  -1.4889925e-04
   5.2000000e+02  -7.2932887e-05
   5.3000000e+02  -1.4869815e-04
   5.4000000e+02  -3.7184702e-05
   5.5000000e+02  -1.4713733e-04
   5.6000000e+02  -1.1195279e-04
   5.7000000e+02  -1.0986796e-04
   5.8000000e+02  -1.0873362e-04
   5.9000000e+02   0.0000000e+00
   6.0000000e+02  -7.4724905e-05
   6.1000000e+02  -3.7567130e-05
   6.2000000e+02  -1.1295834e-04
   6.3000000e+02   0.0000000e+00
   6.4000000e+02  -3.7780794e-05
   6.5000000e+02  -1.5135462e-04
   6.6000000e+02   3.6752137e-05
   6.7000000e+02  -3.5922469e-05
   6.8000000e+02  -1.0599337e-04
   6.9000000e+02   1.7421249e-04
   7.0000000e+02   1.1053904e-03
   7.1000000e+02   1.4090639e-03
   7.2000000e+02   1.1333381e-03
   7.3000000e+02   6.8915937e-04
   7.4000000e+02   5.2064475e-04
   7.5000000e+02   1.7276418e-04
   7.6000000e+02   3.4370749e-05
   7.7000000e+02  -1.3813003e-04
   7.8000000e+02  -6.9494969e-05
   7.9000000e+02  -1.7837988e-04
   8.0000000e+02  -1.8325123e-04
   8.1000000e+02  -1.5026921e-04
   8.2000000e+02  -1.5260906e-04
   8.3000000e+02  -3.8307476e-05
   8.4000000e+02  -1.1575120e-04
   8.5000000e+02   3.8158435e-05
   8.6000000e+02  -3.8202262e-05
   8.7000000e+02  -1.5255572e-04
   8.8000000e+02  -1.5281574e-04
   8.9000000e+02  -1.1620887e-04
   9.0000000e+02  -3.9071360e-05
   9.1000000e+02   3.8974834e-05
   9.2000000e+02  -7.6743128e-05
   9.3000000e+02   3.8534427e-05
   9.4000000e+02  -3.9240077e-05
   9.5000000e+02  -1.6058636e-04
   9.6000000e+02  -4.1269022e-05
   9.7000000e+02  -1.2535177e-04
   9.8000000e+02  -2.1879011e-04
   9.9000000e+02  -1.3984829e-04
   1.0000000e+03  -9.5618161e-05
   1.0100000e+03   0.0000000e+00
   1.0200000e+03   0.0000000e+00
   1.0300000e+03  -5.4642922e-05
   1.0400000e+03  -5.5623800e-05
   1.0500000e+03  -1.7238460e-04
   1.0600000e+03   5.7328298e-05
   1.0700000e+03  -2.2661252e-04
   1.0800000e+03  -1.6600242e-04
   1.0900000e+03  -2.7179725e-04
   1.1000000e+03   0.0000000e+00
