506     4.2136E-23      1.0733E-12      3.5986E-36
512     7.4453E-23      1.9190E-12      6.5103E-36
520     1.3974E-22      3.6580E-12      1.2604E-35
530     3.0292E-22      8.0820E-12      2.8383E-35
540     6.2733E-22      1.7053E-11      6.1018E-35
550     1.2631E-21      3.4971E-11      1.2745E-34
560     2.4763E-21      6.9809E-11      2.5904E-34
570     4.7341E-21      1.3584E-10      5.1306E-34
580     8.8369E-21      2.5801E-10      9.9159E-34
590     1.6127E-20      4.7899E-10      1.8726E-33
600     2.8807E-20      8.7008E-10      3.4592E-33
610     5.0416E-20      1.5482E-09      6.2577E-33
620     8.6544E-20      2.7011E-09      1.1097E-32
630     1.4584E-19      4.6253E-09      1.9308E-32
640     2.4150E-19      7.7807E-09      3.2996E-32
650     3.9327E-19      1.2868E-08      5.5424E-32
658     5.7427E-19      1.9022E-08      8.2937E-32
665     7.9334E-19      2.6558E-08      1.1703E-31
675     1.2432E-18      4.2242E-08      1.8894E-31
685     1.9205E-18      6.6223E-08      3.0058E-31
695     2.9269E-18      1.0240E-07      4.7158E-31
705     2.4264E-19      8.6114E-09      4.0228E-32
716     3.5351E-19      1.2742E-08      6.0451E-32
726     4.9132E-19      1.7956E-08      8.6380E-32
735     6.5498E-19      2.4234E-08      1.1803E-31
745     8.9270E-19      3.3479E-08      1.6527E-31
755     1.2052E-18      4.5805E-08      2.2915E-31
765     1.6122E-18      6.2085E-08      3.1471E-31
775     2.1371E-18      8.3376E-08      4.2816E-31
785     2.8093E-18      1.1102E-07      5.7746E-31
795     3.6405E-18      1.4569E-07      7.6750E-31
805     4.7271E-18      1.9156E-07      1.0218E-30
815     6.0748E-18      2.4923E-07      1.3459E-30
825     7.7405E-18      3.2147E-07      1.7573E-30
835     9.7861E-18      4.1135E-07      2.2759E-30
845     1.2310E-17      5.2362E-07      2.9318E-30
855     1.5370E-17      6.6154E-07      3.7479E-30
865     1.9070E-17      8.3037E-07      4.7594E-30
875     2.3488E-17      1.0346E-06      5.9984E-30
885     2.8832E-17      1.2845E-06      7.5325E-30
895     3.5155E-17      1.5839E-06      9.3932E-30
905     4.2489E-17      1.9357E-06      1.1608E-29
915     9.7567E-15      4.4941E-04      2.7247E-27
925     5.9341E-14      2.7632E-03      1.6936E-26
935     1.0028E-13      4.7200E-03      2.9243E-26
945     1.6843E-13      8.0123E-03      5.0171E-26
955     2.4477E-13      1.1767E-02      7.4465E-26
965     3.2303E-13      1.5692E-02      1.0034E-25
975     2.7816E-13      1.3653E-02      8.8203E-26
985     4.6490E-13      2.3052E-02      1.5046E-25
995     5.1750E-13      2.5921E-02      1.7090E-25
1005    6.5250E-13      3.3011E-02      2.1983E-25
1015    7.4090E-13      3.7857E-02      2.5461E-25
1025    4.9716E-13      2.5653E-02      1.7423E-25
1035    9.5418E-13      4.9715E-02      3.4095E-25
1045    1.1772E-12      6.1926E-02      4.2880E-25
1055    1.3511E-12      7.1756E-02      5.0162E-25
1065    1.4788E-12      7.9281E-02      5.5948E-25
1075    1.7334E-12      9.3804E-02      6.6818E-25
1085    1.9430E-12      1.0612E-01      7.6297E-25
1095    2.0997E-12      1.1574E-01      8.3977E-25
1105    6.9728E-11      3.8787E+00      2.8399E-23
1115    2.1103E-10      1.1845E+01      8.7515E-23
1125    2.6502E-10      1.5009E+01      1.1188E-22
1135    2.8518E-10      1.6294E+01      1.2254E-22
1145    2.1843E-10      1.2590E+01      9.5520E-23
1155    1.7984E-10      1.0456E+01      8.0025E-23
1165    1.2241E-10      7.1788E+00      5.5417E-23
1175    4.6683E-11      2.7613E+00      2.1499E-23
1185    1.5368E-11      9.1672E-01      7.1981E-24
1195    6.7038E-12      4.0328E-01      3.1933E-24
1205    5.5972E-12      3.3953E-01      2.7110E-24
1215    1.6059E-12      9.8224E-02      7.9079E-25
1225    6.1295E-12      3.7798E-01      3.0681E-24
1235    1.2507E-11      7.7756E-01      6.3631E-24
1245    3.4773E-11      2.1793E+00      1.7979E-23
1255    1.7584E-10      1.1109E+01      9.2382E-23
1265    3.2775E-10      2.0871E+01      1.7494E-22
1275    1.1791E-09      7.5678E+01      6.3936E-22
1285    2.1734E-09      1.4059E+02      1.1971E-21
1295    2.7196E-09      1.7729E+02      1.5213E-21
1305    2.1612E-09      1.4198E+02      1.2277E-21
1315    3.6412E-09      2.4104E+02      2.1003E-21
1325    4.2225E-09      2.8164E+02      2.4728E-21
1335    4.1599E-09      2.7956E+02      2.4730E-21
1345    5.2666E-09      3.5659E+02      3.1780E-21
1355    5.0182E-09      3.4230E+02      3.0733E-21
1365    4.6727E-09      3.2108E+02      2.9041E-21
1375    5.3242E-09      3.6853E+02      3.3577E-21
1385    5.2941E-09      3.6911E+02      3.3874E-21
1395    5.8317E-09      4.0953E+02      3.7855E-21
1405    5.8393E-09      4.1300E+02      3.8450E-21
1415    5.3599E-09      3.8179E+02      3.5797E-21
1425    5.8197E-09      4.1748E+02      3.9420E-21
1435    5.3011E-09      3.8294E+02      3.6412E-21
1442    5.9646E-09      4.3297E+02      4.1370E-21
1447    6.5175E-09      4.7475E+02      4.5520E-21
1455    6.5037E-09      4.7636E+02      4.5927E-21
1465    5.8359E-09      4.3039E+02      4.1780E-21
1475    5.6887E-09      4.2240E+02      4.1284E-21
1485    6.0371E-09      4.5130E+02      4.4408E-21
1495    6.4495E-09      4.8538E+02      4.8083E-21
1505    6.6128E-09      5.0100E+02      4.9962E-21
1512    6.0770E-09      4.6254E+02      4.6341E-21
1517    6.5174E-09      4.9771E+02      5.0030E-21
1525    5.7723E-09      4.4313E+02      4.4779E-21
1535    5.2523E-09      4.0586E+02      4.1280E-21
1545    6.3284E-09      4.9219E+02      5.0388E-21
1555    5.7727E-09      4.5188E+02      4.6560E-21
1565    5.3033E-09      4.1781E+02      4.3327E-21
1575    5.9121E-09      4.6874E+02      4.8919E-21
1585    6.2980E-09      5.0251E+02      5.2776E-21
1595    6.7321E-09      5.4054E+02      5.7128E-21
1605    6.3113E-09      5.0993E+02      5.4231E-21
1615    6.1843E-09      5.0278E+02      5.3804E-21
1625    5.5771E-09      4.5622E+02      4.9124E-21
1635    5.9877E-09      4.9282E+02      5.3392E-21
1645    6.2560E-09      5.1806E+02      5.6469E-21
1655    5.0105E-09      4.1744E+02      4.5778E-21
1665    6.1690E-09      5.1707E+02      5.7046E-21
1672    4.6111E-09      3.8811E+02      4.2999E-21
1677    5.7878E-09      4.8861E+02      5.4295E-21
1685    6.3605E-09      5.3952E+02      6.0238E-21
1695    5.8210E-09      4.9668E+02      5.5785E-21
1705    5.6285E-09      4.8310E+02      5.4579E-21
1715    5.7197E-09      4.9380E+02      5.6116E-21
1725    5.6227E-09      4.8826E+02      5.5809E-21
1735    5.9257E-09      5.1755E+02      5.9500E-21
1745    5.7548E-09      5.0552E+02      5.8452E-21
1755    6.2371E-09      5.5103E+02      6.4079E-21
1765    5.3978E-09      4.7959E+02      5.6090E-21
1775    5.9697E-09      5.3342E+02      6.2738E-21
1785    5.8930E-09      5.2953E+02      6.2631E-21
1795    6.3644E-09      5.7509E+02      6.8402E-21
1805    6.1213E-09      5.5621E+02      6.6524E-21
1815    6.0067E-09      5.4881E+02      6.6003E-21
1825    5.7918E-09      5.3210E+02      6.4346E-21
1835    5.6374E-09      5.2075E+02      6.3318E-21
1845    5.2040E-09      4.8334E+02      5.9089E-21
1855    5.4711E-09      5.1090E+02      6.2798E-21
1865    5.4979E-09      5.1617E+02      6.3787E-21
1875    5.6843E-09      5.3653E+02      6.6659E-21
1885    5.6460E-09      5.3576E+02      6.6918E-21
1895    5.6206E-09      5.3618E+02      6.7326E-21
1905    5.3648E-09      5.1447E+02      6.4941E-21
1915    5.5517E-09      5.3519E+02      6.7911E-21
1925    5.5827E-09      5.4099E+02      6.9005E-21
1935    5.3956E-09      5.2558E+02      6.7388E-21
1945    5.7017E-09      5.5826E+02      7.1949E-21
1955    5.6222E-09      5.5331E+02      7.1677E-21
1967    5.7417E-09      5.6854E+02      7.4101E-21
1976    5.6147E-09      5.5850E+02      7.3127E-21
1984    5.4877E-09      5.4808E+02      7.2053E-21
1995    5.3290E-09      5.3519E+02      7.0748E-21
2005    5.2342E-09      5.2830E+02      7.0187E-21
2015    5.0870E-09      5.1600E+02      6.8895E-21
2025    5.0263E-09      5.1238E+02      6.8751E-21
2035    5.1725E-09      5.2988E+02      7.1451E-21
2045    5.3331E-09      5.4902E+02      7.4395E-21
2055    5.1251E-09      5.3019E+02      7.2195E-21
2065    5.0434E-09      5.2427E+02      7.1736E-21
2074    5.2446E-09      5.4757E+02      7.5251E-21
2078    5.3432E-09      5.5894E+02      7.6962E-21
2085    5.2875E-09      5.5497E+02      7.6673E-21
2095    5.0972E-09      5.3756E+02      7.4624E-21
2105    4.9690E-09      5.2655E+02      7.3444E-21
2115    4.9723E-09      5.2939E+02      7.4191E-21
2125    5.0297E-09      5.3804E+02      7.5760E-21
2135    4.4234E-09      4.7541E+02      6.7256E-21
2145    4.8432E-09      5.2297E+02      7.4331E-21
2155    4.8546E-09      5.2664E+02      7.5202E-21
2165    4.6278E-09      5.0436E+02      7.2355E-21
2175    4.5685E-09      5.0020E+02      7.2089E-21
2185    4.5799E-09      5.0375E+02      7.2935E-21
2195    4.8400E-09      5.3481E+02      7.7785E-21
2205    4.6344E-09      5.1442E+02      7.5160E-21
2215    4.3118E-09      4.8078E+02      7.0564E-21
2225    4.2539E-09      4.7646E+02      7.0246E-21
2235    4.6667E-09      5.2505E+02      7.7758E-21
2245    4.2523E-09      4.8057E+02      7.1488E-21
2255    4.1767E-09      4.7413E+02      7.0845E-21
2265    4.1531E-09      4.7353E+02      7.1070E-21
2275    4.3864E-09      5.0235E+02      7.5728E-21
2285    4.5028E-09      5.1794E+02      7.8421E-21
2295    4.2350E-09      4.8927E+02      7.4403E-21
2305    4.2179E-09      4.8942E+02      7.4752E-21
2315    4.0977E-09      4.7754E+02      7.3252E-21
2325    3.4264E-09      4.0103E+02      6.1782E-21
2335    3.9463E-09      4.6386E+02      7.1769E-21
2345    3.6389E-09      4.2956E+02      6.6748E-21
2355    4.0659E-09      4.8201E+02      7.5217E-21
2365    3.6655E-09      4.3640E+02      6.8388E-21
2375    3.8636E-09      4.6193E+02      7.2694E-21
2385    3.4269E-09      4.1144E+02      6.5022E-21
2395    3.7253E-09      4.4914E+02      7.1277E-21
2405    3.5643E-09      4.3152E+02      6.8767E-21
2415    3.6329E-09      4.4166E+02      7.0675E-21
2425    3.8373E-09      4.6843E+02      7.5271E-21
2435    3.6591E-09      4.4853E+02      7.2369E-21
2445    3.8932E-09      4.7919E+02      7.7633E-21
2455    3.7425E-09      4.6252E+02      7.5240E-21
2465    3.7314E-09      4.6303E+02      7.5629E-21
2475    3.5772E-09      4.4569E+02      7.3093E-21
2485    3.7474E-09      4.6878E+02      7.7190E-21
2495    3.6268E-09      4.5552E+02      7.5308E-21
2505    3.9579E-09      4.9909E+02      8.2843E-21
2513    3.6132E-09      4.5708E+02      7.6112E-21
2518    3.6329E-09      4.6049E+02      7.6832E-21
2525    3.4232E-09      4.3512E+02      7.2801E-21
2535    3.3708E-09      4.3015E+02      7.2255E-21
2545    3.3835E-09      4.3347E+02      7.3100E-21
2555    3.6187E-09      4.6543E+02      7.8797E-21
2565    3.6005E-09      4.6490E+02      7.9016E-21
2575    3.8072E-09      4.9351E+02      8.4204E-21
2585    3.8051E-09      4.9516E+02      8.4815E-21
2595    3.7435E-09      4.8902E+02      8.4087E-21
2605    3.5986E-09      4.7191E+02      8.1458E-21
2615    3.5705E-09      4.7001E+02      8.1442E-21
2625    3.7493E-09      4.9544E+02      8.6176E-21
2635    3.7422E-09      4.9639E+02      8.6669E-21
2645    4.0687E-09      5.4175E+02      9.4949E-21
2655    4.0158E-09      5.3673E+02      9.4425E-21
2665    3.7859E-09      5.0791E+02      8.9690E-21
2675    3.8921E-09      5.2411E+02      9.2899E-21
2685    3.8983E-09      5.2691E+02      9.3744E-21
2695    3.7312E-09      5.0620E+02      9.0394E-21
2705    3.7892E-09      5.1598E+02      9.2484E-21
2715    3.6350E-09      4.9681E+02      8.9377E-21
2725    3.6469E-09      5.0028E+02      9.0332E-21
2735    3.8621E-09      5.3174E+02      9.6365E-21
2745    3.3972E-09      4.6944E+02      8.5386E-21
2755    3.4304E-09      4.7575E+02      8.6849E-21
2765    3.5609E-09      4.9564E+02      9.0809E-21
2775    3.7099E-09      5.1824E+02      9.5293E-21
2785    3.6058E-09      5.0553E+02      9.3290E-21
2795    2.5723E-09      3.6192E+02      6.7029E-21
2805    2.8898E-09      4.0806E+02      7.5843E-21
2815    3.7511E-09      5.3156E+02      9.9151E-21
2825    3.7796E-09      5.3750E+02      1.0061E-20
2835    3.6704E-09      5.2382E+02      9.8400E-21
2845    3.5632E-09      5.1031E+02      9.6201E-21
2855    3.4951E-09      5.0232E+02      9.5027E-21
2865    3.6456E-09      5.2579E+02      9.9817E-21
2875    3.5661E-09      5.1612E+02      9.8322E-21
2885    3.6322E-09      5.2751E+02      1.0084E-20
2895    3.5450E-09      5.1663E+02      9.9104E-21
2910    3.7878E-09      5.5488E+02      1.0699E-20
2930    3.6600E-09      5.3984E+02      1.0481E-20
2950    3.6416E-09      5.4079E+02      1.0571E-20
2970    3.6432E-09      5.4470E+02      1.0720E-20
2990    3.6545E-09      5.5006E+02      1.0898E-20
3010    3.6941E-09      5.5975E+02      1.1164E-20
3030    3.6563E-09      5.5769E+02      1.1197E-20
3050    3.6299E-09      5.5733E+02      1.1264E-20
3070    3.5882E-09      5.5454E+02      1.1281E-20
3090    3.6115E-09      5.6177E+02      1.1502E-20
3110    3.5443E-09      5.5489E+02      1.1435E-20
3130    3.5277E-09      5.5583E+02      1.1528E-20
3150    3.5343E-09      5.6044E+02      1.1698E-20
3170    3.5046E-09      5.5925E+02      1.1747E-20
3190    3.3992E-09      5.4586E+02      1.1538E-20
3210    3.4490E-09      5.5732E+02      1.1854E-20
3230    3.3918E-09      5.5150E+02      1.1803E-20
3250    3.4028E-09      5.5672E+02      1.1989E-20
3270    3.4124E-09      5.6173E+02      1.2171E-20
3290    3.4127E-09      5.6520E+02      1.2322E-20
3310    3.4097E-09      5.6814E+02      1.2461E-20
3330    3.3583E-09      5.6295E+02      1.2422E-20
3350    3.3105E-09      5.5829E+02      1.2393E-20
3370    3.3071E-09      5.6104E+02      1.2528E-20
3390    3.2680E-09      5.5769E+02      1.2527E-20
3410    3.2963E-09      5.6585E+02      1.2786E-20
3430    3.2746E-09      5.6541E+02      1.2851E-20
3450    3.2550E-09      5.6532E+02      1.2923E-20
3470    3.2184E-09      5.6219E+02      1.2926E-20
3490    3.2030E-09      5.6273E+02      1.3013E-20
3510    3.2112E-09      5.6739E+02      1.3196E-20
3530    3.2035E-09      5.6927E+02      1.3315E-20
3550    3.1897E-09      5.7002E+02      1.3409E-20
3570    3.1468E-09      5.6553E+02      1.3378E-20
3590    3.1294E-09      5.6554E+02      1.3453E-20
3610    3.1099E-09      5.6516E+02      1.3519E-20
3630    3.0973E-09      5.6598E+02      1.3614E-20
3640    3.0854E-09      5.6537E+02      1.3636E-20
3650    3.1265E-09      5.7446E+02      1.3894E-20
3670    3.0118E-09      5.5643E+02      1.3531E-20
3690    2.7677E-09      5.1411E+02      1.2570E-20
3710    3.0998E-09      5.7892E+02      1.4232E-20
3730    3.2452E-09      6.0935E+02      1.5061E-20
3750    4.1214E-09      7.7803E+02      1.9333E-20
3770    4.3256E-09      8.2092E+02      2.0507E-20
3790    5.4142E-09      1.0330E+03      2.5941E-20
3810    6.4258E-09      1.2324E+03      3.1114E-20
3830    5.0141E-09      9.6674E+02      2.4534E-20
3850    7.1437E-09      1.3845E+03      3.5320E-20
3870    8.1676E-09      1.5912E+03      4.0803E-20
3890    4.2951E-09      8.4108E+02      2.1679E-20
3910    8.1118E-09      1.5966E+03      4.1367E-20
3930    8.0629E-09      1.5951E+03      4.1539E-20
3950    8.0366E-09      1.5980E+03      4.1826E-20
3970    4.0811E-09      8.1562E+02      2.1456E-20
3990    7.6495E-09      1.5365E+03      4.0622E-20
4010    8.5820E-09      1.7324E+03      4.6031E-20
4030    8.5671E-09      1.7380E+03      4.6411E-20
4050    8.4513E-09      1.7230E+03      4.6240E-20
4070    8.0082E-09      1.6407E+03      4.4249E-20
4090    6.0358E-09      1.2427E+03      3.3679E-20
4110    4.5330E-09      9.3786E+02      2.5541E-20
4130    7.5277E-09      1.5650E+03      4.2829E-20
4150    7.8871E-09      1.6477E+03      4.5310E-20
4170    7.8351E-09      1.6447E+03      4.5446E-20
4190    7.7427E-09      1.6331E+03      4.5342E-20
4210    7.6451E-09      1.6202E+03      4.5199E-20
4230    7.4985E-09      1.5967E+03      4.4754E-20
4250    7.4112E-09      1.5856E+03      4.4653E-20
4270    7.2554E-09      1.5596E+03      4.4126E-20
4290    7.1630E-09      1.5469E+03      4.3973E-20
4310    6.7254E-09      1.4592E+03      4.1673E-20
4330    4.8831E-09      1.0644E+03      3.0539E-20
4350    4.1267E-09      9.0366E+02      2.6047E-20
4370    6.4775E-09      1.4250E+03      4.1262E-20
4390    6.6451E-09      1.4685E+03      4.2718E-20
4410    6.6329E-09      1.4725E+03      4.3029E-20
4430    6.5889E-09      1.4694E+03      4.3132E-20
4450    6.5534E-09      1.4680E+03      4.3288E-20
4470    6.4648E-09      1.4547E+03      4.3087E-20
4490    6.3207E-09      1.4286E+03      4.2504E-20
4510    6.2878E-09      1.4275E+03      4.2661E-20
4530    6.2030E-09      1.4145E+03      4.2460E-20
4550    6.0696E-09      1.3902E+03      4.1914E-20
4570    6.0672E-09      1.3958E+03      4.2267E-20
4590    5.9678E-09      1.3789E+03      4.1939E-20
4610    5.9480E-09      1.3803E+03      4.2165E-20
4630    5.8275E-09      1.3583E+03      4.1670E-20
4650    5.7969E-09      1.3570E+03      4.1810E-20
4670    5.7203E-09      1.3448E+03      4.1613E-20
4690    5.6134E-09      1.3253E+03      4.1186E-20
4710    5.4583E-09      1.2942E+03      4.0391E-20
4730    5.5029E-09      1.3103E+03      4.1067E-20
4750    5.4320E-09      1.2989E+03      4.0881E-20
4770    5.3558E-09      1.2861E+03      4.0648E-20
4790    5.2721E-09      1.2713E+03      4.0349E-20
4810    5.1497E-09      1.2469E+03      3.9742E-20
4830    4.8880E-09      1.1885E+03      3.8037E-20
4850    3.7019E-09      9.0381E+02      2.9046E-20
4870    2.9785E-09      7.3020E+02      2.3563E-20
4890    4.5905E-09      1.1300E+03      3.6615E-20
4910    4.8284E-09      1.1934E+03      3.8828E-20
4930    4.7998E-09      1.1912E+03      3.8913E-20
4950    4.7903E-09      1.1937E+03      3.9152E-20
4970    4.7562E-09      1.1900E+03      3.9188E-20
4990    4.6950E-09      1.1794E+03      3.8995E-20
5010    4.6050E-09      1.1614E+03      3.8556E-20
5030    4.5861E-09      1.1613E+03      3.8704E-20
5050    4.5124E-09      1.1471E+03      3.8386E-20
5070    4.4887E-09      1.1456E+03      3.8487E-20
5090    4.4372E-09      1.1370E+03      3.8347E-20
5110    4.3847E-09      1.1279E+03      3.8191E-20
5130    4.3326E-09      1.1189E+03      3.8034E-20
5150    4.2760E-09      1.1086E+03      3.7829E-20
5170    4.1841E-09      1.0889E+03      3.7304E-20
5190    4.1448E-09      1.0829E+03      3.7241E-20
5210    4.1322E-09      1.0838E+03      3.7415E-20
5230    4.0636E-09      1.0699E+03      3.7076E-20
5250    4.0454E-09      1.0692E+03      3.7193E-20
5270    3.9644E-09      1.0517E+03      3.6727E-20
5290    3.9541E-09      1.0530E+03      3.6910E-20
5310    3.8921E-09      1.0404E+03      3.6606E-20
5330    3.8512E-09      1.0333E+03      3.6495E-20
5350    3.8260E-09      1.0304E+03      3.6529E-20
5370    3.7757E-09      1.0207E+03      3.6318E-20
5390    3.7375E-09      1.0141E+03      3.6219E-20
5410    3.6882E-09      1.0044E+03      3.6007E-20
5430    3.6529E-09      9.9852E+02      3.5927E-20
5450    3.6183E-09      9.9271E+02      3.5849E-20
5470    3.5790E-09      9.8552E+02      3.5720E-20
5490    3.5415E-09      9.7876E+02      3.5605E-20
5510    3.5037E-09      9.7185E+02      3.5482E-20
5530    3.4616E-09      9.6365E+02      3.5311E-20
5550    3.4293E-09      9.5810E+02      3.5234E-20
5570    3.3901E-09      9.5056E+02      3.5083E-20
5590    3.3558E-09      9.4433E+02      3.4978E-20
5610    3.3215E-09      9.3802E+02      3.4869E-20
5630    3.2863E-09      9.3139E+02      3.4746E-20
5650    3.2504E-09      9.2448E+02      3.4611E-20
5670    3.2152E-09      9.1770E+02      3.4478E-20
5690    3.1827E-09      9.1165E+02      3.4372E-20
5710    3.1493E-09      9.0525E+02      3.4251E-20
5730    3.1176E-09      8.9927E+02      3.4143E-20
5750    3.0835E-09      8.9252E+02      3.4006E-20
5770    3.0520E-09      8.8648E+02      3.3893E-20
5790    3.0193E-09      8.8003E+02      3.3763E-20
5810    2.9885E-09      8.7408E+02      3.3650E-20
5830    2.9579E-09      8.6810E+02      3.3535E-20
5850    2.9275E-09      8.6213E+02      3.3419E-20
5870    2.8937E-09      8.5508E+02      3.3259E-20
5890    2.8524E-09      8.4574E+02      3.3008E-20
5910    2.8378E-09      8.4426E+02      3.3062E-20
5930    2.8092E-09      8.3860E+02      3.2952E-20
5950    2.7786E-09      8.3225E+02      3.2812E-20
5970    2.7516E-09      8.2693E+02      3.2712E-20
5990    2.7210E-09      8.2048E+02      3.2566E-20
6010    2.6950E-09      8.1536E+02      3.2470E-20
6030    2.6693E-09      8.1026E+02      3.2375E-20
6050    2.6422E-09      8.0471E+02      3.2260E-20
6070    2.6166E-09      7.9953E+02      3.2158E-20
6090    2.5902E-09      7.9410E+02      3.2045E-20
6110    2.5643E-09      7.8871E+02      3.1932E-20
6130    2.5378E-09      7.8313E+02      3.1810E-20
6150    2.4999E-09      7.7394E+02      3.1539E-20
6170    2.4876E-09      7.7266E+02      3.1589E-20
6190    2.4649E-09      7.6806E+02      3.1503E-20
6210    2.4406E-09      7.6297E+02      3.1395E-20
6230    2.4160E-09      7.5771E+02      3.1279E-20
6250    2.3841E-09      7.5009E+02      3.1064E-20
6270    2.3703E-09      7.4813E+02      3.1082E-20
6290    2.3473E-09      7.4324E+02      3.0977E-20
6310    2.3225E-09      7.3774E+02      3.0846E-20
6330    2.3014E-09      7.3335E+02      3.0760E-20
6350    2.2638E-09      7.2364E+02      3.0448E-20
6370    2.2472E-09      7.2061E+02      3.0416E-20
6390    2.2350E-09      7.1893E+02      3.0440E-20
6410    2.2115E-09      7.1361E+02      3.0310E-20
6430    2.1907E-09      7.0911E+02      3.0213E-20
6450    2.1604E-09      7.0145E+02      2.9979E-20
6470    2.1429E-09      6.9795E+02      2.9922E-20
6490    2.1137E-09      6.9056E+02      2.9697E-20
6510    2.0788E-09      6.8124E+02      2.9386E-20
6530    2.0045E-09      6.5891E+02      2.8511E-20
6550    1.7153E-09      5.6559E+02      2.4548E-20
6561.2476       1.3827E-09      4.5668E+02      1.9855E-20
6590    1.8822E-09      6.2440E+02      2.7265E-20
6610    1.9707E-09      6.5574E+02      2.8721E-20
6630    1.9774E-09      6.5996E+02      2.8993E-20
6650    1.9677E-09      6.5871E+02      2.9025E-20
6670    1.9530E-09      6.5576E+02      2.8982E-20
6690    1.9390E-09      6.5300E+02      2.8947E-20
6710    1.9230E-09      6.4954E+02      2.8880E-20
6730    1.9042E-09      6.4512E+02      2.8769E-20
6750    1.8877E-09      6.4144E+02      2.8690E-20
6770    1.8714E-09      6.3777E+02      2.8610E-20
6790    1.8542E-09      6.3379E+02      2.8515E-20
6810    1.8374E-09      6.2988E+02      2.8423E-20
6830    1.8202E-09      6.2584E+02      2.8323E-20
6850    1.8040E-09      6.2206E+02      2.8235E-20
6870    1.7880E-09      6.1836E+02      2.8149E-20
6890    1.7721E-09      6.1463E+02      2.8061E-20
6910    1.7561E-09      6.1087E+02      2.7970E-20
6930    1.7402E-09      6.0708E+02      2.7877E-20
6950    1.7247E-09      6.0341E+02      2.7788E-20
6970    1.7093E-09      5.9973E+02      2.7698E-20
6990    1.6945E-09      5.9626E+02      2.7617E-20
7010    1.6776E-09      5.9201E+02      2.7499E-20
7030    1.6640E-09      5.8886E+02      2.7431E-20
7050    1.6494E-09      5.8537E+02      2.7345E-20
7070    1.6352E-09      5.8199E+02      2.7265E-20
7090    1.6212E-09      5.7863E+02      2.7184E-20
7110    1.6008E-09      5.7297E+02      2.6994E-20
7130    1.5918E-09      5.7133E+02      2.6992E-20
7150    1.5780E-09      5.6798E+02      2.6909E-20
7170    1.5648E-09      5.6481E+02      2.6834E-20
7190    1.5512E-09      5.6145E+02      2.6749E-20
7210    1.5380E-09      5.5821E+02      2.6668E-20
7230    1.5242E-09      5.5475E+02      2.6577E-20
7250    1.5107E-09      5.5137E+02      2.6488E-20
7270    1.4987E-09      5.4847E+02      2.6421E-20
7290    1.4853E-09      5.4508E+02      2.6330E-20
7310    1.4725E-09      5.4185E+02      2.6246E-20
7330    1.4604E-09      5.3889E+02      2.6174E-20
7350    1.4482E-09      5.3585E+02      2.6097E-20
7370    1.4360E-09      5.3277E+02      2.6018E-20
7390    1.4235E-09      5.2957E+02      2.5932E-20
7410    1.4085E-09      5.2539E+02      2.5797E-20
7430    1.3976E-09      5.2273E+02      2.5736E-20
7450    1.3866E-09      5.2001E+02      2.5671E-20
7470    1.3730E-09      5.1630E+02      2.5556E-20
7490    1.3631E-09      5.1396E+02      2.5508E-20
7510    1.3525E-09      5.1133E+02      2.5445E-20
7530    1.3418E-09      5.0864E+02      2.5379E-20
7550    1.3311E-09      5.0590E+02      2.5309E-20
7570    1.3199E-09      5.0297E+02      2.5229E-20
7590    1.3090E-09      5.0015E+02      2.5154E-20
7610    1.2983E-09      4.9735E+02      2.5079E-20
7630    1.2874E-09      4.9450E+02      2.5001E-20
7650    1.2766E-09      4.9161E+02      2.4920E-20
7670    1.2658E-09      4.8873E+02      2.4839E-20
7690    1.2558E-09      4.8614E+02      2.4771E-20
7710    1.2448E-09      4.8313E+02      2.4682E-20
7730    1.2356E-09      4.8081E+02      2.4627E-20
7750    1.2255E-09      4.7809E+02      2.4552E-20
7770    1.1957E-09      4.6768E+02      2.4079E-20
7790    1.2058E-09      4.7285E+02      2.4408E-20
7810    1.1960E-09      4.7023E+02      2.4335E-20
7830    1.1860E-09      4.6748E+02      2.4254E-20
7850    1.1757E-09      4.6462E+02      2.4167E-20
7870    1.1639E-09      4.6112E+02      2.4047E-20
7890    1.1534E-09      4.5810E+02      2.3950E-20
7910    1.1477E-09      4.5700E+02      2.3953E-20
7930    1.1391E-09      4.5473E+02      2.3894E-20
7950    1.1278E-09      4.5134E+02      2.3776E-20
7970    1.1216E-09      4.4999E+02      2.3764E-20
7990    1.1062E-09      4.4494E+02      2.3557E-20
8010    1.1039E-09      4.4510E+02      2.3624E-20
8030    1.0951E-09      4.4268E+02      2.3555E-20
8050    1.0865E-09      4.4031E+02      2.3486E-20
8070    1.0779E-09      4.3790E+02      2.3416E-20
8090    1.0695E-09      4.3556E+02      2.3349E-20
8110    1.0611E-09      4.3322E+02      2.3281E-20
8130    1.0529E-09      4.3091E+02      2.3213E-20
8150    1.0447E-09      4.2860E+02      2.3146E-20
8170    1.0365E-09      4.2631E+02      2.3079E-20
8190    1.0274E-09      4.2358E+02      2.2987E-20
8210    1.0245E-09      4.2341E+02      2.3034E-20
8230    1.0171E-09      4.2138E+02      2.2979E-20
8250    1.0100E-09      4.1946E+02      2.2930E-20
8270    1.0042E-09      4.1806E+02      2.2909E-20
8290    9.9634E-10      4.1579E+02      2.2840E-20
8310    9.8778E-10      4.1322E+02      2.2753E-20
8330    9.7466E-10      4.0871E+02      2.2559E-20
8350    9.6158E-10      4.0419E+02      2.2363E-20
8370    9.4959E-10      4.0011E+02      2.2191E-20
8390    9.3067E-10      3.9307E+02      2.1852E-20
8410    9.1341E-10      3.8670E+02      2.1550E-20
8430    9.0192E-10      3.8275E+02      2.1380E-20
8450    8.9707E-10      3.8159E+02      2.1366E-20
8470    8.6422E-10      3.6849E+02      2.0681E-20
8490    8.9836E-10      3.8395E+02      2.1600E-20
8510    8.3966E-10      3.5970E+02      2.0283E-20
8530    9.0847E-10      3.9010E+02      2.2049E-20
8550    7.9263E-10      3.4116E+02      1.9328E-20
8570    9.3102E-10      4.0166E+02      2.2809E-20
8590    8.3563E-10      3.6135E+02      2.0567E-20
8610    8.1368E-10      3.5267E+02      2.0121E-20
8630    9.4808E-10      4.1188E+02      2.3553E-20
8650    8.8193E-10      3.8403E+02      2.2011E-20
8670    7.2422E-10      3.1608E+02      1.8159E-20
8690    9.1046E-10      3.9829E+02      2.2934E-20
8710    9.5746E-10      4.1981E+02      2.4229E-20
8730    8.9665E-10      3.9405E+02      2.2795E-20
8750    6.9648E-10      3.0678E+02      1.7787E-20
8770    8.4332E-10      3.7231E+02      2.1636E-20
8790    9.3778E-10      4.1496E+02      2.4169E-20
8810    9.4845E-10      4.2064E+02      2.4555E-20
8830    9.1696E-10      4.0759E+02      2.3848E-20
8850    7.9624E-10      3.5473E+02      2.0802E-20
8870    6.7078E-10      2.9952E+02      1.7604E-20
8890    8.5933E-10      3.8457E+02      2.2654E-20
8910    9.1189E-10      4.0901E+02      2.4148E-20
8930    9.1958E-10      4.1338E+02      2.4461E-20
8950    9.1623E-10      4.1280E+02      2.4481E-20
8970    8.9620E-10      4.0468E+02      2.4053E-20
8990    8.3898E-10      3.7969E+02      2.2618E-20
9010    6.5597E-10      2.9752E+02      1.7763E-20
9030    7.1812E-10      3.2644E+02      1.9532E-20
9050    8.4178E-10      3.8350E+02      2.2997E-20
9070    8.6594E-10      3.9538E+02      2.3762E-20
9090    8.6531E-10      3.9596E+02      2.3850E-20
9110    8.6926E-10      3.9864E+02      2.4064E-20
9130    8.6568E-10      3.9787E+02      2.4070E-20
9150    8.5756E-10      3.9500E+02      2.3949E-20
9170    8.4431E-10      3.8975E+02      2.3682E-20
9190    8.1769E-10      3.7829E+02      2.3036E-20
9210    7.4359E-10      3.4475E+02      2.1039E-20
9230    5.7495E-10      2.6714E+02      1.6338E-20
9250    7.1280E-10      3.3191E+02      2.0344E-20
9270    7.8199E-10      3.6492E+02      2.2415E-20
9290    8.0725E-10      3.7752E+02      2.3239E-20
9310    8.0915E-10      3.7922E+02      2.3394E-20
9330    8.0619E-10      3.7865E+02      2.3409E-20
9350    8.0178E-10      3.7738E+02      2.3381E-20
9370    7.9655E-10      3.7572E+02      2.3328E-20
9390    7.8983E-10      3.7335E+02      2.3230E-20
9410    7.7964E-10      3.6932E+02      2.3028E-20
9430    7.7824E-10      3.6944E+02      2.3084E-20
9450    7.7124E-10      3.6689E+02      2.2974E-20
9470    7.6249E-10      3.6350E+02      2.2810E-20
9490    7.4946E-10      3.5804E+02      2.2514E-20
9510    7.2245E-10      3.4586E+02      2.1795E-20
9530    6.4660E-10      3.1020E+02      1.9588E-20
9550    5.1867E-10      2.4935E+02      1.5779E-20
9570    6.5396E-10      3.1505E+02      1.9978E-20
9590    7.0761E-10      3.4161E+02      2.1708E-20
9610    7.1918E-10      3.4792E+02      2.2155E-20
9630    7.1791E-10      3.4803E+02      2.2208E-20
9650    7.1852E-10      3.4904E+02      2.2319E-20
9670    7.1201E-10      3.4660E+02      2.2209E-20
9690    7.1022E-10      3.4645E+02      2.2245E-20
9710    7.0685E-10      3.4551E+02      2.2230E-20
9730    7.0199E-10      3.4384E+02      2.2169E-20
9750    6.9690E-10      3.4205E+02      2.2098E-20
9770    6.9223E-10      3.4045E+02      2.2040E-20
9790    6.8734E-10      3.3874E+02      2.1975E-20
9810    6.8245E-10      3.3702E+02      2.1907E-20
9830    6.7749E-10      3.3525E+02      2.1837E-20
9850    6.7249E-10      3.3346E+02      2.1764E-20
9870    6.6784E-10      3.3182E+02      2.1701E-20
9890    6.6109E-10      3.2913E+02      2.1569E-20
9910    6.5709E-10      3.2780E+02      2.1525E-20
9930    6.5152E-10      3.2568E+02      2.1429E-20
9950    6.4603E-10      3.2359E+02      2.1334E-20
9970    6.3917E-10      3.2079E+02      2.1193E-20
9990    6.2909E-10      3.1637E+02      2.0942E-20
10025   5.6135E-10      2.8329E+02      1.8818E-20
10075   5.3284E-10      2.7025E+02      1.8041E-20
10125   6.0144E-10      3.0655E+02      2.0567E-20
10175   5.9904E-10      3.0683E+02      2.0687E-20
10225   5.9113E-10      3.0427E+02      2.0615E-20
10275   5.8134E-10      3.0070E+02      2.0473E-20
10325   5.7152E-10      2.9706E+02      2.0323E-20
10375   5.6206E-10      2.9355E+02      2.0181E-20
10425   5.5278E-10      2.9010E+02      2.0039E-20
10475   5.4264E-10      2.8614E+02      1.9861E-20
10525   5.3396E-10      2.8291E+02      1.9730E-20
10575   5.2560E-10      2.7980E+02      1.9606E-20
10625   5.1720E-10      2.7663E+02      1.9476E-20
10675   5.0462E-10      2.7118E+02      1.9182E-20
10725   4.9850E-10      2.6914E+02      1.9127E-20
10775   4.9118E-10      2.6642E+02      1.9022E-20
10825   4.8161E-10      2.6244E+02      1.8825E-20
10875   4.6640E-10      2.5533E+02      1.8399E-20
10925   3.8845E-10      2.1363E+02      1.5465E-20
10975   4.2471E-10      2.3464E+02      1.7064E-20
11025   4.4958E-10      2.4952E+02      1.8228E-20
11075   4.4620E-10      2.4877E+02      1.8256E-20
11125   4.4046E-10      2.4667E+02      1.8184E-20
11175   4.3384E-10      2.4406E+02      1.8072E-20
11225   4.2719E-10      2.4139E+02      1.7954E-20
11275   4.1745E-10      2.3694E+02      1.7702E-20
11325   4.1134E-10      2.3450E+02      1.7598E-20
11375   4.0746E-10      2.3332E+02      1.7586E-20
11425   4.0106E-10      2.3066E+02      1.7462E-20
11475   3.9540E-10      2.2840E+02      1.7367E-20
11525   3.8948E-10      2.2597E+02      1.7256E-20
11575   3.8353E-10      2.2348E+02      1.7141E-20
11625   3.7679E-10      2.2050E+02      1.6985E-20
11675   3.7016E-10      2.1755E+02      1.6830E-20
11725   3.6657E-10      2.1636E+02      1.6810E-20
11775   3.5821E-10      2.1233E+02      1.6567E-20
11825   3.5472E-10      2.1116E+02      1.6545E-20
11875   3.4903E-10      2.0865E+02      1.6417E-20
11925   3.4540E-10      2.0734E+02      1.6384E-20
11975   3.3941E-10      2.0461E+02      1.6235E-20
12025   3.3522E-10      2.0292E+02      1.6169E-20
12075   3.3000E-10      2.0059E+02      1.6050E-20
12125   3.2538E-10      1.9861E+02      1.5957E-20
12175   3.2088E-10      1.9667E+02      1.5866E-20
12225   3.1621E-10      1.9460E+02      1.5763E-20
12275   3.1149E-10      1.9248E+02      1.5655E-20
12325   3.0711E-10      1.9054E+02      1.5561E-20
12375   3.0284E-10      1.8866E+02      1.5470E-20
12425   2.9869E-10      1.8682E+02      1.5381E-20
12475   2.9406E-10      1.8467E+02      1.5265E-20
12525   2.9025E-10      1.8300E+02      1.5188E-20
12575   2.8553E-10      1.8075E+02      1.5061E-20
12625   2.8163E-10      1.7899E+02      1.4974E-20
12675   2.7730E-10      1.7693E+02      1.4860E-20
12725   2.7182E-10      1.7412E+02      1.4682E-20
12775   2.5848E-10      1.6623E+02      1.4071E-20
12825   2.2126E-10      1.4285E+02      1.2139E-20
12875   2.5430E-10      1.6482E+02      1.4061E-20
12925   2.5765E-10      1.6764E+02      1.4357E-20
12975   2.5534E-10      1.6678E+02      1.4339E-20
13025   2.5258E-10      1.6562E+02      1.4294E-20
13075   2.4920E-10      1.6402E+02      1.4211E-20
13125   2.4582E-10      1.6242E+02      1.4125E-20
13175   2.4218E-10      1.6062E+02      1.4022E-20
13225   2.3928E-10      1.5930E+02      1.3959E-20
13275   2.3609E-10      1.5777E+02      1.3878E-20
13325   2.3295E-10      1.5626E+02      1.3797E-20
13375   2.2985E-10      1.5476E+02      1.3715E-20
13425   2.2680E-10      1.5327E+02      1.3635E-20
13475   2.2375E-10      1.5178E+02      1.3552E-20
13525   2.2069E-10      1.5025E+02      1.3466E-20
13575   2.1784E-10      1.4887E+02      1.3391E-20
13625   2.1507E-10      1.4751E+02      1.3318E-20
13675   2.1219E-10      1.4608E+02      1.3236E-20
13725   2.0911E-10      1.4448E+02      1.3139E-20
13775   2.0680E-10      1.4340E+02      1.3089E-20
13825   2.0413E-10      1.4206E+02      1.3014E-20
13875   2.0158E-10      1.4079E+02      1.2944E-20
13925   1.9887E-10      1.3941E+02      1.2863E-20
13975   1.9642E-10      1.3818E+02      1.2796E-20
14025   1.9394E-10      1.3692E+02      1.2725E-20
14075   1.9148E-10      1.3567E+02      1.2653E-20
14125   1.8904E-10      1.3441E+02      1.2581E-20
14175   1.8667E-10      1.3320E+02      1.2511E-20
14225   1.8431E-10      1.3198E+02      1.2440E-20
14275   1.8200E-10      1.3079E+02      1.2371E-20
14325   1.7972E-10      1.2960E+02      1.2302E-20
14375   1.7751E-10      1.2845E+02      1.2235E-20
14425   1.7437E-10      1.2662E+02      1.2102E-20
14475   1.7312E-10      1.2615E+02      1.2099E-20
14525   1.7047E-10      1.2465E+02      1.1997E-20
14570   1.6908E-10      1.2401E+02      1.1973E-20
14620   1.6720E-10      1.2305E+02      1.1921E-20
14675   1.6513E-10      1.2199E+02      1.1862E-20
14725   1.6316E-10      1.2094E+02      1.1800E-20
14775   1.6100E-10      1.1975E+02      1.1724E-20
14825   1.5924E-10      1.1884E+02      1.1674E-20
14875   1.5710E-10      1.1764E+02      1.1595E-20
14925   1.5544E-10      1.1679E+02      1.1550E-20
14975   1.5321E-10      1.1550E+02      1.1461E-20
15025   1.5107E-10      1.1427E+02      1.1376E-20
15075   1.4883E-10      1.1295E+02      1.1282E-20
15125   1.4679E-10      1.1176E+02      1.1201E-20
15175   1.4443E-10      1.1034E+02      1.1094E-20
15225   1.4251E-10      1.0922E+02      1.1019E-20
15275   1.4029E-10      1.0787E+02      1.0918E-20
15325   1.3815E-10      1.0658E+02      1.0823E-20
15375   1.3757E-10      1.0648E+02      1.0848E-20
15425   1.3374E-10      1.0385E+02      1.0614E-20
15475   1.3450E-10      1.0478E+02      1.0744E-20
15525   1.3271E-10      1.0372E+02      1.0670E-20
15575   1.2747E-10      9.9941E+01      1.0314E-20
15625   1.3306E-10      1.0466E+02      1.0836E-20
15675   1.2653E-10      9.9839E+01      1.0370E-20
15725   1.2256E-10      9.7020E+01      1.0109E-20
15775   1.2960E-10      1.0292E+02      1.0758E-20
15825   1.2723E-10      1.0136E+02      1.0628E-20
15875   1.1460E-10      9.1580E+01      9.6334E-21
15925   1.2170E-10      9.7559E+01      1.0295E-20
15975   1.2592E-10      1.0126E+02      1.0719E-20
16050   1.2040E-10      9.7278E+01      1.0346E-20
16150   1.1250E-10      9.1462E+01      9.7876E-21
16250   1.1881E-10      9.7193E+01      1.0465E-20
16350   1.1190E-10      9.2098E+01      9.9777E-21
16450   1.0484E-10      8.6821E+01      9.4636E-21
16550   1.1139E-10      9.2805E+01      1.0177E-20
16650   1.0912E-10      9.1460E+01      1.0090E-20
16750   1.0218E-10      8.6155E+01      9.5622E-21
16850   9.5654E-11      8.1137E+01      9.0590E-21
16950   1.0203E-10      8.7061E+01      9.7782E-21
17050   1.0025E-10      8.6045E+01      9.7211E-21
17150   9.8096E-11      8.4689E+01      9.6240E-21
17250   9.5077E-11      8.2562E+01      9.4370E-21
17350   8.3884E-11      7.3264E+01      8.4228E-21
17450   8.9805E-11      7.8888E+01      9.1216E-21
17550   8.9874E-11      7.9401E+01      9.2335E-21
17650   8.8256E-11      7.8416E+01      9.1709E-21
17750   8.6505E-11      7.7295E+01      9.0911E-21
17850   8.4692E-11      7.6101E+01      9.0011E-21
17950   8.2891E-11      7.4901E+01      8.9088E-21
18050   8.0449E-11      7.3099E+01      8.7429E-21
18150   7.1788E-11      6.5591E+01      7.8883E-21
18250   7.5208E-11      6.9095E+01      8.3555E-21
18350   7.6126E-11      7.0321E+01      8.5503E-21
18450   7.4779E-11      6.9453E+01      8.4909E-21
18550   7.3164E-11      6.8321E+01      8.3977E-21
18650   7.1025E-11      6.6682E+01      8.2404E-21
18750   6.3219E-11      5.9671E+01      7.4137E-21
18850   6.7961E-11      6.4489E+01      8.0550E-21
18950   6.7553E-11      6.4442E+01      8.0918E-21
19050   6.6484E-11      6.3757E+01      8.0479E-21
19150   6.5190E-11      6.2844E+01      7.9744E-21
19250   6.3736E-11      6.1763E+01      7.8781E-21
19350   6.1689E-11      6.0090E+01      7.7045E-21
19450   5.5008E-11      5.3859E+01      6.9414E-21
19550   5.9363E-11      5.8422E+01      7.5681E-21
19650   5.9063E-11      5.8424E+01      7.6071E-21
19750   5.8068E-11      5.7732E+01      7.5552E-21
19850   5.7002E-11      5.6960E+01      7.4919E-21
19950   5.5940E-11      5.6179E+01      7.4265E-21
20050   5.4903E-11      5.5415E+01      7.3622E-21
20150   5.3889E-11      5.4663E+01      7.2985E-21
20250   5.2895E-11      5.3921E+01      7.2352E-21
20350   5.1925E-11      5.3193E+01      7.1727E-21
20450   5.0983E-11      5.2485E+01      7.1121E-21
20550   5.0058E-11      5.1784E+01      7.0514E-21
20650   4.9146E-11      5.1088E+01      6.9904E-21
20750   4.8267E-11      5.0417E+01      6.9321E-21
20850   4.7407E-11      4.9758E+01      6.8743E-21
20950   4.6560E-11      4.9103E+01      6.8165E-21
21050   4.5731E-11      4.8459E+01      6.7591E-21
21150   4.4895E-11      4.7800E+01      6.6989E-21
21250   4.4104E-11      4.7180E+01      6.6432E-21
21350   4.3339E-11      4.6579E+01      6.5895E-21
21450   4.2488E-11      4.5879E+01      6.5208E-21
21550   4.1296E-11      4.4799E+01      6.3970E-21
21650   3.7131E-11      4.0467E+01      5.8053E-21
21750   3.9559E-11      4.3313E+01      6.2423E-21
21850   3.9601E-11      4.3558E+01      6.3065E-21
21950   3.9071E-11      4.3173E+01      6.2792E-21
22050   3.8404E-11      4.2628E+01      6.2283E-21
22150   3.7738E-11      4.2080E+01      6.1760E-21
22250   3.7124E-11      4.1582E+01      6.1305E-21
22350   3.6502E-11      4.1068E+01      6.0820E-21
22450   3.5893E-11      4.0564E+01      6.0342E-21
22550   3.5290E-11      4.0060E+01      5.9859E-21
22650   3.4712E-11      3.9579E+01      5.9401E-21
22750   3.4139E-11      3.9097E+01      5.8938E-21
22850   3.3600E-11      3.8649E+01      5.8517E-21
22950   3.3055E-11      3.8188E+01      5.8074E-21
23050   3.2524E-11      3.7739E+01      5.7641E-21
23150   3.2001E-11      3.7294E+01      5.7207E-21
23250   3.1491E-11      3.6857E+01      5.6782E-21
23350   3.0986E-11      3.6422E+01      5.6354E-21
23450   3.0492E-11      3.5995E+01      5.5930E-21
23550   2.9999E-11      3.5564E+01      5.5497E-21
23650   2.9510E-11      3.5134E+01      5.5058E-21
23750   2.9015E-11      3.4689E+01      5.4591E-21
23850   2.8535E-11      3.4259E+01      5.4141E-21
23950   2.8055E-11      3.3824E+01      5.3678E-21
24050   2.7589E-11      3.3402E+01      5.3229E-21
24150   2.7117E-11      3.2966E+01      5.2754E-21
24250   2.6673E-11      3.2562E+01      5.2322E-21
24350   2.6250E-11      3.2177E+01      5.1917E-21
24450   2.5779E-11      3.1729E+01      5.1404E-21
24550   2.5468E-11      3.1474E+01      5.1200E-21
24650   2.4964E-11      3.0978E+01      5.0598E-21
24750   2.4617E-11      3.0671E+01      5.0300E-21
24850   2.4427E-11      3.0557E+01      5.0315E-21
24950   2.3578E-11      2.9613E+01      4.8957E-21
25050   2.4079E-11      3.0364E+01      5.0400E-21
25150   2.3477E-11      2.9723E+01      4.9533E-21
25250   2.2364E-11      2.8427E+01      4.7561E-21
25350   2.2640E-11      2.8891E+01      4.8530E-21
25450   2.2546E-11      2.8886E+01      4.8712E-21
25550   2.1947E-11      2.8228E+01      4.7791E-21
25650   2.0849E-11      2.6920E+01      4.5754E-21
25750   2.1400E-11      2.7740E+01      4.7331E-21
25850   2.1297E-11      2.7714E+01      4.7470E-21
25950   2.0946E-11      2.7362E+01      4.7049E-21
26050   2.0182E-11      2.6465E+01      4.5682E-21
26150   1.9129E-11      2.5182E+01      4.3634E-21
26250   1.8202E-11      2.4052E+01      4.1836E-21
26350   1.9381E-11      2.5708E+01      4.4886E-21
26450   1.9495E-11      2.5957E+01      4.5493E-21
26550   1.9234E-11      2.5707E+01      4.5225E-21
26650   1.8697E-11      2.5084E+01      4.4295E-21
26750   1.7419E-11      2.3457E+01      4.1577E-21
26850   1.8175E-11      2.4567E+01      4.3707E-21
26950   1.8205E-11      2.4698E+01      4.4105E-21
27050   1.8009E-11      2.4523E+01      4.3955E-21
27150   1.7786E-11      2.4308E+01      4.3731E-21
27250   1.7524E-11      2.4039E+01      4.3406E-21
27350   1.7232E-11      2.3725E+01      4.2997E-21
27450   1.6844E-11      2.3276E+01      4.2336E-21
27550   1.5622E-11      2.1666E+01      3.9552E-21
27650   1.5947E-11      2.2196E+01      4.0667E-21
27750   1.6245E-11      2.2693E+01      4.1727E-21
27850   1.6109E-11      2.2584E+01      4.1677E-21
27950   1.5918E-11      2.2397E+01      4.1479E-21
28050   1.5702E-11      2.2172E+01      4.1209E-21
28150   1.5489E-11      2.1950E+01      4.0942E-21
28250   1.5280E-11      2.1730E+01      4.0676E-21
28350   1.5076E-11      2.1515E+01      4.0417E-21
28450   1.4846E-11      2.1262E+01      4.0082E-21
28550   1.4582E-11      2.0957E+01      3.9646E-21
28650   1.4029E-11      2.0233E+01      3.8410E-21
28750   1.3131E-11      1.9004E+01      3.6203E-21
28850   1.3890E-11      2.0172E+01      3.8562E-21
28950   1.3858E-11      2.0196E+01      3.8741E-21
29050   1.3729E-11      2.0077E+01      3.8646E-21
29150   1.3545E-11      1.9876E+01      3.8392E-21
29250   1.3375E-11      1.9694E+01      3.8170E-21
29350   1.3202E-11      1.9505E+01      3.7933E-21
29450   1.3031E-11      1.9318E+01      3.7698E-21
29550   1.2863E-11      1.9134E+01      3.7465E-21
29650   1.2697E-11      1.8951E+01      3.7233E-21
29750   1.2534E-11      1.8771E+01      3.7004E-21
29850   1.2374E-11      1.8594E+01      3.6777E-21
29950   1.2216E-11      1.8417E+01      3.6550E-21
30050   1.2059E-11      1.8241E+01      3.6321E-21
30150   1.1870E-11      1.8015E+01      3.5991E-21
30250   1.1629E-11      1.7709E+01      3.5497E-21
30350   1.0825E-11      1.6539E+01      3.3260E-21
30450   1.0915E-11      1.6731E+01      3.3757E-21
30550   1.1226E-11      1.7265E+01      3.4950E-21
30650   1.1155E-11      1.7212E+01      3.4957E-21
30750   1.1040E-11      1.7090E+01      3.4821E-21
30850   1.0900E-11      1.6928E+01      3.4604E-21
30950   1.0769E-11      1.6779E+01      3.4410E-21
31050   1.0636E-11      1.6625E+01      3.4205E-21
31150   1.0505E-11      1.6472E+01      3.4000E-21
31250   1.0376E-11      1.6322E+01      3.3798E-21
31350   1.0251E-11      1.6178E+01      3.3607E-21
31450   1.0125E-11      1.6029E+01      3.3404E-21
31550   1.0004E-11      1.5889E+01      3.3218E-21
31650   9.8839E-12      1.5748E+01      3.3026E-21
31750   9.7636E-12      1.5605E+01      3.2830E-21
31850   9.6475E-12      1.5468E+01      3.2645E-21
31950   9.5319E-12      1.5331E+01      3.2456E-21
32100   9.3617E-12      1.5128E+01      3.2177E-21
32300   9.1411E-12      1.4863E+01      3.1811E-21
32500   8.9265E-12      1.4604E+01      3.1451E-21
32700   8.6904E-12      1.4306E+01      3.0997E-21
32900   8.0578E-12      1.3345E+01      2.9093E-21
33100   8.1534E-12      1.3586E+01      2.9797E-21
33300   8.0983E-12      1.3575E+01      2.9954E-21
33500   7.9243E-12      1.3364E+01      2.9664E-21
33700   7.7452E-12      1.3139E+01      2.9341E-21
33900   7.5735E-12      1.2924E+01      2.9032E-21
34100   7.4060E-12      1.2713E+01      2.8726E-21
34300   7.2423E-12      1.2505E+01      2.8421E-21
34500   7.0827E-12      1.2301E+01      2.8120E-21
34700   6.9265E-12      1.2099E+01      2.7820E-21
34900   6.7737E-12      1.1901E+01      2.7521E-21
35100   6.6242E-12      1.1705E+01      2.7222E-21
35300   6.4799E-12      1.1515E+01      2.6934E-21
35500   6.3384E-12      1.1327E+01      2.6645E-21
35700   6.1972E-12      1.1137E+01      2.6346E-21
35900   6.0710E-12      1.0972E+01      2.6099E-21
36100   5.9291E-12      1.0775E+01      2.5774E-21
36300   5.8187E-12      1.0633E+01      2.5575E-21
36500   5.6727E-12      1.0423E+01      2.5209E-21
36700   5.5880E-12      1.0324E+01      2.5106E-21
36900   5.4187E-12      1.0066E+01      2.4611E-21
37100   5.3470E-12      9.9862E+00      2.4549E-21
37300   5.1094E-12      9.5938E+00      2.3712E-21
37500   4.9229E-12      9.2932E+00      2.3092E-21
37700   5.0329E-12      9.5515E+00      2.3861E-21
37900   4.9497E-12      9.4435E+00      2.3716E-21
38100   4.7834E-12      9.1745E+00      2.3162E-21
38300   4.6975E-12      9.0569E+00      2.2985E-21
38500   4.6651E-12      9.0414E+00      2.3065E-21
38700   4.5747E-12      8.9123E+00      2.2854E-21
38900   4.4537E-12      8.7213E+00      2.2480E-21
39100   4.2769E-12      8.4182E+00      2.1810E-21
39300   4.2983E-12      8.5037E+00      2.2144E-21
39500   4.2363E-12      8.4235E+00      2.2047E-21
39700   4.1554E-12      8.3046E+00      2.1846E-21
39900   4.0741E-12      8.1831E+00      2.1635E-21
40100   3.9110E-12      7.8949E+00      2.0978E-21
40300   3.8120E-12      7.7335E+00      2.0651E-21
40500   3.6586E-12      7.4591E+00      2.0017E-21
40700   3.7454E-12      7.6737E+00      2.0695E-21
40900   3.6995E-12      7.6169E+00      2.0643E-21
41100   3.6327E-12      7.5160E+00      2.0469E-21
41300   3.5618E-12      7.4053E+00      2.0265E-21
41500   3.4724E-12      7.2543E+00      1.9948E-21
41700   3.2919E-12      6.9102E+00      1.9094E-21
41900   3.3420E-12      7.0492E+00      1.9571E-21
42100   3.3065E-12      7.0076E+00      1.9549E-21
42300   3.2487E-12      6.9178E+00      1.9390E-21
42500   3.1898E-12      6.8244E+00      1.9218E-21
42700   3.1322E-12      6.7327E+00      1.9049E-21
42900   3.0757E-12      6.6424E+00      1.8882E-21
43100   3.0207E-12      6.5540E+00      1.8717E-21
43300   2.9666E-12      6.4664E+00      1.8553E-21
43500   2.9012E-12      6.3531E+00      1.8312E-21
43700   2.7487E-12      6.0467E+00      1.7509E-21
43900   2.7628E-12      6.1055E+00      1.7760E-21
44100   2.7582E-12      6.1231E+00      1.7893E-21
44300   2.7149E-12      6.0544E+00      1.7772E-21
44500   2.6677E-12      5.9760E+00      1.7621E-21
44700   2.6327E-12      5.9241E+00      1.7547E-21
44900   2.5872E-12      5.8478E+00      1.7398E-21
45100   2.5430E-12      5.7734E+00      1.7253E-21
45300   2.4994E-12      5.6997E+00      1.7109E-21
45500   2.4570E-12      5.6276E+00      1.6967E-21
45700   2.4152E-12      5.5562E+00      1.6825E-21
45900   2.3744E-12      5.4862E+00      1.6686E-21
46100   2.3313E-12      5.4102E+00      1.6526E-21
46300   2.2783E-12      5.3103E+00      1.6292E-21
46500   2.1343E-12      4.9961E+00      1.5394E-21
46700   2.0997E-12      4.9363E+00      1.5275E-21
46900   2.1534E-12      5.0842E+00      1.5800E-21
47100   2.1422E-12      5.0791E+00      1.5852E-21
47300   2.1121E-12      5.0292E+00      1.5762E-21
47500   2.0775E-12      4.9677E+00      1.5636E-21
47700   2.0439E-12      4.9078E+00      1.5512E-21
47900   2.0109E-12      4.8488E+00      1.5390E-21
48100   1.9785E-12      4.7906E+00      1.5269E-21
48300   1.9467E-12      4.7334E+00      1.5149E-21
48500   1.9156E-12      4.6768E+00      1.5030E-21
48700   1.8851E-12      4.6215E+00      1.4913E-21
48900   1.8552E-12      4.5669E+00      1.4798E-21
49100   1.8258E-12      4.5129E+00      1.4683E-21
49300   1.7971E-12      4.4601E+00      1.4570E-21
49500   1.7690E-12      4.4080E+00      1.4458E-21
49700   1.7414E-12      4.3567E+00      1.4348E-21
49900   1.7142E-12      4.3061E+00      1.4238E-21
50100   1.6877E-12      4.2564E+00      1.4130E-21
50300   1.6617E-12      4.2075E+00      1.4024E-21
50500   1.6361E-12      4.1593E+00      1.3918E-21
50700   1.6110E-12      4.1117E+00      1.3813E-21
50900   1.5839E-12      4.0584E+00      1.3688E-21
51100   1.5444E-12      3.9727E+00      1.3452E-21
51300   1.4590E-12      3.7678E+00      1.2808E-21
51500   1.5026E-12      3.8955E+00      1.3293E-21
51700   1.4914E-12      3.8814E+00      1.3297E-21
51900   1.4704E-12      3.8416E+00      1.3211E-21
52100   1.4484E-12      3.7988E+00      1.3114E-21
52300   1.4269E-12      3.7567E+00      1.3019E-21
52500   1.4058E-12      3.7154E+00      1.2925E-21
52700   1.3850E-12      3.6744E+00      1.2831E-21
52900   1.3647E-12      3.6342E+00      1.2739E-21
53100   1.3448E-12      3.5947E+00      1.2648E-21
53300   1.3251E-12      3.5555E+00      1.2557E-21
53500   1.3059E-12      3.5170E+00      1.2468E-21
53700   1.2869E-12      3.4788E+00      1.2379E-21
53900   1.2684E-12      3.4416E+00      1.2292E-21
54100   1.2501E-12      3.4047E+00      1.2205E-21
54300   1.2322E-12      3.3682E+00      1.2119E-21
54500   1.2146E-12      3.3324E+00      1.2034E-21
54700   1.1973E-12      3.2969E+00      1.1950E-21
54900   1.1804E-12      3.2621E+00      1.1867E-21
55100   1.1637E-12      3.2278E+00      1.1785E-21
55300   1.1473E-12      3.1939E+00      1.1703E-21
55500   1.1312E-12      3.1605E+00      1.1623E-21
55700   1.1154E-12      3.1275E+00      1.1543E-21
55900   1.0998E-12      3.0950E+00      1.1464E-21
56100   1.0846E-12      3.0631E+00      1.1386E-21
56300   1.0696E-12      3.0314E+00      1.1309E-21
56500   1.0548E-12      3.0002E+00      1.1232E-21
56700   1.0404E-12      2.9696E+00      1.1157E-21
56900   1.0262E-12      2.9393E+00      1.1082E-21
57100   1.0121E-12      2.9093E+00      1.1008E-21
57300   9.9837E-13      2.8798E+00      1.0934E-21
57500   9.8484E-13      2.8507E+00      1.0861E-21
57700   9.7154E-13      2.8220E+00      1.0789E-21
57900   9.5847E-13      2.7937E+00      1.0718E-21
58100   9.4563E-13      2.7657E+00      1.0648E-21
58300   9.3294E-13      2.7380E+00      1.0577E-21
58500   9.2253E-13      2.7168E+00      1.0531E-21
58700   9.0815E-13      2.6836E+00      1.0438E-21
58900   8.8657E-13      2.6287E+00      1.0259E-21
59100   8.4001E-13      2.4991E+00      9.7868E-22
59300   8.6685E-13      2.5877E+00      1.0168E-21
59500   8.6196E-13      2.5818E+00      1.0179E-21
59700   8.5198E-13      2.5605E+00      1.0129E-21
59900   8.4087E-13      2.5355E+00      1.0064E-21
60100   8.2996E-13      2.5110E+00      9.9997E-22
60300   8.1924E-13      2.4868E+00      9.9363E-22
60500   8.0864E-13      2.4628E+00      9.8729E-22
60700   7.9822E-13      2.4391E+00      9.8103E-22
60900   7.8799E-13      2.4158E+00      9.7485E-22
61100   7.7794E-13      2.3928E+00      9.6874E-22
61300   7.6800E-13      2.3699E+00      9.6264E-22
61500   7.5824E-13      2.3474E+00      9.5661E-22
61700   7.4865E-13      2.3253E+00      9.5066E-22
61900   7.3923E-13      2.3035E+00      9.4479E-22
62100   7.2991E-13      2.2818E+00      9.3893E-22
62300   7.2076E-13      2.2604E+00      9.3313E-22
62500   7.1177E-13      2.2394E+00      9.2742E-22
62700   7.0288E-13      2.2185E+00      9.2171E-22
62900   6.9415E-13      2.1979E+00      9.1607E-22
63100   6.8557E-13      2.1777E+00      9.1052E-22
63300   6.7709E-13      2.1576E+00      9.0496E-22
63500   6.6875E-13      2.1377E+00      8.9948E-22
63700   6.6057E-13      2.1182E+00      8.9408E-22
63900   6.5248E-13      2.0989E+00      8.8868E-22
64200   6.4059E-13      2.0703E+00      8.8070E-22
64600   6.2515E-13      2.0330E+00      8.7022E-22
65000   6.1015E-13      1.9965E+00      8.5989E-22
65400   5.9563E-13      1.9610E+00      8.4979E-22
65800   5.8153E-13      1.9262E+00      8.3985E-22
66200   5.6783E-13      1.8923E+00      8.3007E-22
66600   5.5458E-13      1.8593E+00      8.2052E-22
67000   5.4165E-13      1.8269E+00      8.1105E-22
67400   5.2915E-13      1.7954E+00      8.0182E-22
67800   5.1695E-13      1.7644E+00      7.9266E-22
68200   5.0516E-13      1.7343E+00      7.8374E-22
68600   4.9366E-13      1.7048E+00      7.7491E-22
69000   4.8250E-13      1.6760E+00      7.6626E-22
69400   4.7166E-13      1.6478E+00      7.5775E-22
69800   4.6112E-13      1.6202E+00      7.4938E-22
70200   4.5087E-13      1.5933E+00      7.4115E-22
70600   4.4090E-13      1.5670E+00      7.3304E-22
71000   4.3122E-13      1.5412E+00      7.2509E-22
71400   4.2178E-13      1.5160E+00      7.1723E-22
71800   4.1261E-13      1.4914E+00      7.0953E-22
72200   4.0367E-13      1.4671E+00      7.0190E-22
72600   3.9499E-13      1.4436E+00      6.9445E-22
73000   3.8656E-13      1.4205E+00      6.8713E-22
73400   3.7833E-13      1.3979E+00      6.7990E-22
73800   3.7032E-13      1.3758E+00      6.7277E-22
74200   3.6140E-13      1.3499E+00      6.6370E-22
74600   3.4331E-13      1.2892E+00      6.3729E-22
75000   3.3594E-13      1.2684E+00      6.3033E-22
75400   3.3907E-13      1.2870E+00      6.4301E-22
75800   3.3335E-13      1.2720E+00      6.3888E-22
76200   3.2652E-13      1.2525E+00      6.3242E-22
76600   3.1987E-13      1.2334E+00      6.2605E-22
77000   3.1338E-13      1.2147E+00      6.1977E-22
77400   3.0705E-13      1.1964E+00      6.1359E-22
77800   3.0089E-13      1.1784E+00      6.0750E-22
78200   2.9488E-13      1.1608E+00      6.0150E-22
78600   2.8902E-13      1.1436E+00      5.9559E-22
79000   2.8330E-13      1.1266E+00      5.8976E-22
79400   2.7772E-13      1.1100E+00      5.8402E-22
79800   2.7228E-13      1.0938E+00      5.7836E-22
80200   2.6697E-13      1.0778E+00      5.7279E-22
80600   2.6179E-13      1.0622E+00      5.6728E-22
81000   2.5674E-13      1.0469E+00      5.6187E-22
81400   2.5180E-13      1.0318E+00      5.5652E-22
81800   2.4698E-13      1.0170E+00      5.5126E-22
82200   2.4228E-13      1.0026E+00      5.4607E-22
82600   2.3769E-13      9.8835E-01      5.4095E-22
83000   2.3321E-13      9.7441E-01      5.3590E-22
83400   2.2883E-13      9.6072E-01      5.3092E-22
83800   2.2455E-13      9.4727E-01      5.2600E-22
84200   2.2038E-13      9.3411E-01      5.2117E-22
84600   2.1631E-13      9.2120E-01      5.1640E-22
85000   2.1232E-13      9.0850E-01      5.1169E-22
85400   2.0842E-13      8.9603E-01      5.0704E-22
85800   2.0462E-13      8.8378E-01      5.0246E-22
86200   2.0090E-13      8.7178E-01      4.9794E-22
86600   1.9727E-13      8.5998E-01      4.9348E-22
87000   1.9371E-13      8.4838E-01      4.8907E-22
87400   1.9024E-13      8.3700E-01      4.8473E-22
87800   1.8684E-13      8.2583E-01      4.8045E-22
88200   1.8352E-13      8.1484E-01      4.7622E-22
88600   1.8027E-13      8.0404E-01      4.7204E-22
89000   1.7710E-13      7.9345E-01      4.6792E-22
89400   1.7399E-13      7.8304E-01      4.6386E-22
89800   1.7095E-13      7.7281E-01      4.5984E-22
90200   1.6798E-13      7.6275E-01      4.5589E-22
90600   1.6507E-13      7.5287E-01      4.5197E-22
91000   1.6223E-13      7.4315E-01      4.4811E-22
91400   1.5944E-13      7.3360E-01      4.4430E-22
91800   1.5672E-13      7.2423E-01      4.4054E-22
92200   1.5405E-13      7.1500E-01      4.3682E-22
92600   1.5144E-13      7.0593E-01      4.3315E-22
93000   1.4888E-13      6.9702E-01      4.2953E-22
93400   1.4638E-13      6.8825E-01      4.2595E-22
93800   1.4393E-13      6.7963E-01      4.2241E-22
94200   1.4153E-13      6.7115E-01      4.1892E-22
94600   1.3918E-13      6.6282E-01      4.1548E-22
95000   1.3688E-13      6.5462E-01      4.1208E-22
95400   1.3463E-13      6.4654E-01      4.0870E-22
95800   1.3242E-13      6.3861E-01      4.0539E-22
96200   1.3026E-13      6.3082E-01      4.0211E-22
96600   1.2814E-13      6.2313E-01      3.9886E-22
97000   1.2607E-13      6.1558E-01      3.9566E-22
97400   1.2403E-13      6.0814E-01      3.9249E-22
97800   1.2204E-13      6.0084E-01      3.8937E-22
98200   1.2009E-13      5.9364E-01      3.8628E-22
98600   1.1817E-13      5.8655E-01      3.8322E-22
99000   1.1630E-13      5.7958E-01      3.8020E-22
99400   1.1446E-13      5.7272E-01      3.7722E-22
99800   1.1265E-13      5.6597E-01      3.7427E-22
100200  1.1088E-13      5.5931E-01      3.7135E-22
200000  7.1151E-15      7.1635E-02      9.4933E-23
400000  4.4386E-16      8.9377E-03      2.3689E-23
600000  8.7098E-17      2.6307E-03      1.0459E-23
800000  2.7377E-17      1.1025E-03      5.8444E-24
1000000 1.1146E-17      5.6112E-04      3.7181E-24
1200000 5.3466E-18      3.2298E-04      2.5682E-24
1400000 2.8719E-18      2.0240E-04      1.8776E-24
1600000 1.6762E-18      1.3501E-04      1.4313E-24
