JDTDB,TDB,X,Y,Z,VX,VY,VZ,LT,RG,RR
2332111.5,1673-Jan-01,-2.679955859517412E-01,9.477905217548450E-01,6.915662349556671E-04,-1.683482943776872E-02,-4.754437941150695E-03,-4.474865734414678E-06,5.688604060358861E-03,9.849512604600269E-01,5.528870544933947E-06
2332112.5,1673-Jan-02,-2.847877398564812E-01,9.428890997182909E-01,6.869844065740971E-04,-1.674860808570642E-02,-5.048148205161685E-03,-4.688549262559297E-06,5.688649204116682E-03,9.849590768593925E-01,1.010306451757098E-05
2332113.5,1673-Jan-03,-3.014910664640080E-01,9.376947571421299E-01,6.821896314430697E-04,-1.665717981804739E-02,-5.340263096247995E-03,-4.900747769105239E-06,5.688720749844802E-03,9.849714646182071E-01,1.467134611945475E-05
2332114.5,1673-Jan-04,-3.181003740912797E-01,9.322091370700908E-01,6.771834289063568E-04,-1.656057540783693E-02,-5.630687375732249E-03,-5.111392675905092E-06,5.688818659185452E-03,9.849884170950296E-01,1.923225804259797E-05
2332115.5,1673-Jan-05,-3.346105027495789E-01,9.264339774688406E-01,6.719673867051329E-04,-1.645882746813778E-02,-5.919326443354129E-03,-5.320415750200911E-06,5.688942885376515E-03,9.850099261932496E-01,2.378434689870188E-05
2332116.5,1673-Jan-06,-3.510163259768423E-01,9.203711105688277E-01,6.665431606702360E-04,-1.635197043659881E-02,-6.206086378660190E-03,-5.527749041526078E-06,5.689093373268192E-03,9.850359823639759E-01,2.832616121598068E-05
2332117.5,1673-Jan-07,-3.673127526544326E-01,9.140224621640762E-01,6.609124744356460E-04,-1.624004055979457E-02,-6.490873981631297E-03,-5.733324905817776E-06,5.689270059329710E-03,9.850665746071965E-01,3.285625008376082E-05
2332118.5,1673-Jan-08,-3.834947288081046E-01,9.073900508719451E-01,6.550771190842265E-04,-1.612307587722310E-02,-6.773596812060307E-03,-5.937076112122118E-06,5.689472871651290E-03,9.851016904721182E-01,3.737316291312056E-05
2332119.5,1673-Jan-09,-3.995572393926743E-01,9.004759873542196E-01,6.490389526598961E-04,-1.600111620466715E-02,-7.054163227517085E-03,-6.138935997415735E-06,5.689701729948139E-03,9.851413160578606E-01,4.187545035508650E-05
2332120.5,1673-Jan-10,-4.154953100596165E-01,8.932824735008899E-01,6.427998995160402E-04,-1.587420311665227E-02,-7.332482420045442E-03,-6.338838632095521E-06,5.689956545572459E-03,9.851854360155329E-01,4.636166608661302E-05
2332121.5,1673-Jan-11,-4.313040089065887E-01,8.858118015777589E-01,6.363619495069935E-04,-1.574237992781512E-02,-7.608464451856584E-03,-6.536718965821528E-06,5.690237221537288E-03,9.852340335523638E-01,5.083036906273861E-05
2332122.5,1673-Jan-12,-4.469784482077344E-01,8.780663533387437E-01,6.297271570510252E-04,-1.560569167308823E-02,-7.882020290286850E-03,-6.732512934782249E-06,5.690543652553787E-03,9.852870904381554E-01,5.528012585725109E-05
2332123.5,1673-Jan-13,-4.625137861235712E-01,8.700485991034985E-01,6.228976401096058E-04,-1.546418508668748E-02,-8.153061842231290E-03,-6.926157522896582E-06,5.690875725081574E-03,9.853445870140003E-01,5.970951280413126E-05
2332124.5,1673-Jan-14,-4.779052283892833E-01,8.617610968008027E-01,6.158755791277757E-04,-1.531790857994069E-02,-8.421501988190154E-03,-7.117590778413420E-06,5.691233317390383E-03,9.854065022029560E-01,6.411711775621585E-05
2332125.5,1673-Jan-15,-4.931480299802867E-01,8.532064909780659E-01,6.086632159776015E-04,-1.516691221801799E-02,-8.687254616000043E-03,-7.306751792681518E-06,5.691616299630526E-03,9.854728135222466E-01,6.850154136346512E-05
2332126.5,1673-Jan-16,-5.082374967540036E-01,8.443875117772466E-01,6.012628529382401E-04,-1.501124769562778E-02,-8.950234654277332E-03,-7.493580650171226E-06,5.692024533909256E-03,9.855434970964823E-01,7.286139783005015E-05
2332127.5,1673-Jan-17,-5.231689870668431E-01,8.353069738774688E-01,5.936768517358643E-04,-1.485096831174784E-02,-9.210358105576057E-03,-7.678018360325416E-06,5.692457874369956E-03,9.856185276713731E-01,7.719531514930334E-05
2332128.5,1673-Jan-18,-5.379379133654734E-01,8.259677754046324E-01,5.859076326545616E-04,-1.468612894350421E-02,-9.467542079238228E-03,-7.860006786049471E-06,5.692916167271323E-03,9.856978786274376E-01,8.150193487348261E-05
2332129.5,1673-Jan-19,-5.525397437515952E-01,8.163728968083503E-01,5.779576737154643E-04,-1.451678601929142E-02,-9.721704823871087E-03,-8.039488582202554E-06,5.693399251064111E-03,9.857815219932906E-01,8.577991151788037E-05
2332130.5,1673-Jan-20,-5.669700035194805E-01,8.065253997066337E-01,5.698295099070765E-04,-1.434299749121338E-02,-9.972765759366954E-03,-8.216407153065043E-06,5.693906956463640E-03,9.858694284581987E-01,9.002791171507169E-05
2332131.5,1673-Jan-21,-5.812242766656877E-01,7.964284256988281E-01,5.615257324432941E-04,-1.416482280703794E-02,-1.022064550834704E-02,-8.390706647625388E-06,5.694439106517178E-03,9.859615673837464E-01,9.424461333568705E-05
2332132.5,1673-Jan-22,-5.952982073705163E-01,7.860851951474581E-01,5.530489880053369E-04,-1.398232288168729E-02,-1.046526592688622E-02,-8.562331989606593E-06,5.694995516666583E-03,9.860579068146814E-01,9.842870472210125E-05
2332133.5,1673-Jan-23,-6.091875014507554E-01,7.754990059297650E-01,5.444019779359691E-04,-1.379556006839097E-02,-1.070655013437369E-02,-8.731228947508104E-06,5.695575994807246E-03,9.861584134891216E-01,1.025788842349378E-04
2332134.5,1673-Jan-24,-6.228879277834634E-01,7.646732321598804E-01,5.355874573435737E-04,-1.360459812958553E-02,-1.094442254235217E-02,-8.897344241656180E-06,5.696180341345809E-03,9.862630528485490E-01,1.066938602946960E-04
2332135.5,1673-Jan-25,-6.363953197005111E-01,7.536113228827274E-01,5.266082340874951E-04,-1.340950220754113E-02,-1.117880888221190E-02,-9.060625672040134E-06,5.696808349259760E-03,9.863717890481268E-01,1.107723519965110E-04
2332136.5,1673-Jan-26,-6.497055763536134E-01,7.423168007408398E-01,5.174671676311505E-04,-1.321033879470797E-02,-1.140963623164192E-02,-9.221022251936373E-06,5.697459804162345E-03,9.864845849679387E-01,1.148130903438841E-04
2332137.5,1673-Jan-27,-6.628146640495454E-01,7.307932606153803E-01,5.081671677672959E-04,-1.300717570372301E-02,-1.163683303977633E-02,-9.378484328021433E-06,5.698134484376337E-03,9.866014022257626E-01,1.188148200675279E-04
2332138.5,1673-Jan-28,-6.757186175551415E-01,7.190443682426678E-01,4.987111932378560E-04,-1.280008203694032E-02,-1.186032915103708E-02,-9.532963664299362E-06,5.698832161019666E-03,9.867222011918972E-01,1.227763018751698E-04
2332139.5,1673-Jan-29,-6.884135413715043E-01,7.070738588074784E-01,4.891022502982222E-04,-1.258912815528062E-02,-1.208005582776857E-02,-9.684413468943693E-06,5.699552598104624E-03,9.868469410063372E-01,1.266963148413228E-04
2332140.5,1673-Jan-30,-7.008956109766239E-01,6.948855355142350E-01,4.793433912883744E-04,-1.237438564616653E-02,-1.229594577187139E-02,-9.832788351775645E-06,5.700295552650303E-03,9.869755795982427E-01,1.305736585293787E-04
2332141.5,1673-Jan-31,-7.131610740353895E-01,6.824832681369362E-01,4.694377132805022E-04,-1.215592729034490E-02,-1.250793314574321E-02,-9.978044215375295E-06,5.701060774805426E-03,9.871080737072057E-01,1.344071543907067E-04
2332142.5,1673-Feb-01,-7.252062515758269E-01,6.698709915483451E-01,4.593883568607974E-04,-1.193382702751612E-02,-1.271595359288024E-02,-1.012013810214796E-05,5.701848007976204E-03,9.872443789053886E-01,1.381956460582586E-04
2332143.5,1673-Feb-02,-7.370275391304114E-01,6.570527042286208E-01,4.491985050693743E-04,-1.170815992090536E-02,-1.291994425842209E-02,-1.025902803829124E-05,5.702656988952277E-03,9.873844496193316E-01,1.419379984006116E-04
2332144.5,1673-Feb-03,-7.486214078416001E-01,6.440324667534053E-01,4.388713824763056E-04,-1.147900212123475E-02,-1.311984380966171E-02,-1.039467292635686E-05,5.703487448024294E-03,9.875282391503070E-01,1.456330956762423E-04
2332145.5,1673-Feb-04,-7.599844055312760E-01,6.308144002615319E-01,4.284102543249920E-04,-1.124643083060770E-02,-1.331559245626073E-02,-1.052703251960083E-05,5.704339109089829E-03,9.876756996926619E-01,1.492798394069187E-04
2332146.5,1673-Feb-05,-7.711131577341563E-01,6.174026849028041E-01,4.178184256591972E-04,-1.101052426667963E-02,-1.350713196977817E-02,-1.065606748096274E-05,5.705211689747477E-03,9.878267823501092E-01,1.528771465881109E-04
2332147.5,1673-Feb-06,-7.820043686956829E-01,6.038015582668168E-01,4.070992403539352E-04,-1.077136162740981E-02,-1.369440570201750E-02,-1.078173950940516E-05,5.706104901383332E-03,9.879814371506993E-01,1.564239488416877E-04
2332148.5,1673-Feb-07,-7.926548223348924E-01,5.900153137941211E-01,3.962560800037698E-04,-1.052902305625429E-02,-1.387735860196015E-02,-1.090401149227994E-05,5.707018449255416E-03,9.881396130614418E-01,1.599191925680751E-04
2332149.5,1673-Feb-08,-8.030613831726249E-01,5.760482991712073E-01,3.852923626606048E-04,-1.028358960761310E-02,-1.405593723119564E-02,-1.102284764973734E-05,5.707952032581675E-03,9.883012580035376E-01,1.633618399808993E-04
2332150.5,1673-Feb-09,-8.132209972252041E-01,5.619049147107811E-01,3.742115414416610E-04,-1.003514321228479E-02,-1.423008977792683E-02,-1.113821364564466E-05,5.708905344635756E-03,9.884663188689655E-01,1.667508707223772E-04
2332151.5,1673-Feb-10,-8.231306928634871E-01,5.475896117186831E-01,3.630171030489014E-04,-9.783766642722385E-03,-1.439976606970550E-02,-1.125007665393943E-05,5.709878072853018E-03,9.886347415388352E-01,1.700852837286251E-04
2332152.5,1673-Feb-11,-8.327875816370168E-01,5.331068908486452E-01,3.517125662450016E-04,-9.529543477970356E-03,-1.456491758504858E-02,-1.135840537911009E-05,5.710869898947373E-03,9.888064709036190E-01,1.733640990852085E-04
2332153.5,1673-Feb-12,-8.421888590629243E-01,5.184613004459336E-01,3.403014803299195E-04,-9.272558068219125E-03,-1.472549746406282E-02,-1.146317003522797E-05,5.711880499038339E-03,9.889814508851501E-01,1.765863596802897E-04
2332154.5,1673-Feb-13,-8.513318053791817E-01,5.036574348808224E-01,3.287874236564842E-04,-9.012895498950254E-03,-1.488146051818000E-02,-1.156434229138106E-05,5.712909543786731E-03,9.891596244601155E-01,1.797511325183593E-04
2332155.5,1673-Feb-14,-8.602137862617941E-01,4.886999328727396E-01,3.171740022128492E-04,-8.750641554669434E-03,-1.503276323908304E-02,-1.166189519332566E-05,5.713956698536703E-03,9.893409336846521E-01,1.828575096014457E-04
2332156.5,1673-Feb-15,-8.688322535055236E-01,4.735934758058661E-01,3.054648482906565E-04,-8.485882682243439E-03,-1.517936380689029E-02,-1.175580307268008E-05,5.715021623461501E-03,9.895253197195822E-01,1.859046083203389E-04
2332157.5,1673-Feb-16,-8.771847456677672E-01,4.583427860368929E-01,2.936636192451649E-04,-8.218705953877355E-03,-1.532122209765894E-02,-1.184604145615740E-05,5.716103973709996E-03,9.897127228557827E-01,1.888915713321599E-04
2332158.5,1673-Feb-17,-8.852688886752565E-01,4.429526251955940E-01,2.817739963406428E-04,-7.949199029796130E-03,-1.545829969026330E-02,-1.193258698809325E-05,5.717203399551042E-03,9.899030825391834E-01,1.918175659418076E-04
2332159.5,1673-Feb-18,-8.930823963933333E-01,4.274277924788136E-01,2.697996836608044E-04,-7.677450120734773E-03,-1.559055987268916E-02,-1.201541737949695E-05,5.718319546513002E-03,9.900963373949223E-01,1.946817830627978E-04
2332160.5,1673-Feb-19,-9.006230711576839E-01,4.117731229384495E-01,2.577444070523667E-04,-7.403547950399671E-03,-1.571796764774549E-02,-1.209451139485811E-05,5.719452055516426E-03,9.902924252503205E-01,1.974834359177791E-04
2332161.5,1673-Feb-20,-9.078888042686004E-01,3.959934857640258E-01,2.456119130596654E-04,-7.127581718083192E-03,-1.584048973816864E-02,-1.216984888216431E-05,5.720600562998959E-03,9.904912831565075E-01,2.002217586799323E-04
2332162.5,1673-Feb-21,-9.148775764480098E-01,3.800937825604847E-01,2.334059678092440E-04,-6.849641061642749E-03,-1.595809459107313E-02,-1.224141084678051E-05,5.721764701032778E-03,9.906928474087550E-01,2.028960052986146E-04
2332163.5,1673-Feb-22,-9.215874582597566E-01,3.640789456219098E-01,2.211303558006852E-04,-6.569816021022294E-03,-1.607075238158398E-02,-1.230917955393558E-05,5.722944097436448E-03,9.908970535658457E-01,2.055054487690905E-04
2332164.5,1673-Feb-23,-9.280166104937347E-01,3.479539362020682E-01,2.087888785877505E-04,-6.288197002484085E-03,-1.617843501559417E-02,-1.237313865212137E-05,5.724138375884297E-03,9.911038364690093E-01,2.080493810392872E-04
2332165.5,1673-Feb-24,-9.341632845146471E-01,3.317237427826902E-01,1.963853533344109E-04,-6.004874743611509E-03,-1.628111613146985E-02,-1.243327328927131E-05,5.725347156017454E-03,9.913131302611486E-01,2.105271136806358E-04
2332166.5,1673-Feb-25,-9.400258225761237E-01,3.153933793406355E-01,1.839236112711450E-04,-5.719940279012375E-03,-1.637877110057255E-02,-1.248957019461127E-05,5.726570053560865E-03,9.915248684071009E-01,2.129379792772411E-04
2332167.5,1673-Feb-26,-9.456026581008481E-01,2.989678836151445E-01,1.714074960924694E-04,-5.433484906605455E-03,-1.647137702655977E-02,-1.254201771103904E-05,5.727806680450104E-03,9.917389837155933E-01,2.152813333842334E-04
2332168.5,1673-Feb-27,-9.508923159271604E-01,2.824523153764118E-01,1.588408623541313E-04,-5.145600154227390E-03,-1.655891274343786E-02,-1.259060576185129E-05,5.729056644970405E-03,9.919554083633165E-01,2.175565567426425E-04
2332169.5,1673-Feb-28,-9.558934125222803E-01,2.658517546967070E-01,1.462275739375130E-04,-4.856377746207523E-03,-1.664135881244196E-02,-1.263532575092244E-05,5.730319551908185E-03,9.921740739211603E-01,2.197630573026468E-04
2332170.5,1673-Mar-01,-9.606046561619425E-01,2.491713002251241E-01,1.335715026403018E-04,-4.565909569567442E-03,-1.671869751793633E-02,-1.267617041493765E-05,5.731595002712526E-03,9.923949113821720E-01,2.219002715806640E-04
2332171.5,1673-Mar-02,-9.650248470759430E-01,2.324160674668099E-01,1.208765269247641E-04,-4.274287639621985E-03,-1.679091286260768E-02,-1.271313366185776E-05,5.732882595661672E-03,9.926178511903857E-01,2.239676649917132E-04
2332172.5,1673-Mar-03,-9.691528775589743E-01,2.155911870672307E-01,1.081465308181097E-04,-3.981604064970458E-03,-1.685799056223569E-02,-1.274621043591183E-05,5.734181926028129E-03,9.928428232694085E-01,2.259647310425773E-04
2332173.5,1673-Mar-04,-9.729877320462341E-01,1.987018031017866E-01,9.538540291906263E-05,-3.687951012121209E-03,-1.691991804025665E-02,-1.277539664352887E-05,5.735492586236225E-03,9.930697570497002E-01,2.278909895856406E-04
2332174.5,1673-Mar-05,-9.765284871536644E-01,1.817530713709244E-01,8.259703544045291E-05,-3.393420670209817E-03,-1.697668442220206E-02,-1.280068915750425E-05,5.736814166007991E-03,9.932985814938321E-01,2.297459846198883E-04
2332175.5,1673-Mar-06,-9.797743116831770E-01,1.647501577009030E-01,6.978532321005999E-05,-3.098105216339585E-03,-1.702828052992591E-02,-1.282208589198091E-05,5.738146252496509E-03,9.935292251195769E-01,2.315292822509322E-04
2332176.5,1673-Mar-07,-9.827244665936804E-01,1.476982362505289E-01,5.695416257427608E-05,-2.802096781851911E-03,-1.707469887539064E-02,-1.283958591511922E-05,5.739488430409068E-03,9.937616160212304E-01,2.332404692237439E-04
2332177.5,1673-Mar-08,-9.853783049388772E-01,1.306024878244171E-01,4.410745018440632E-05,-2.505487419677074E-03,-1.711593365382482E-02,-1.285318957001752E-05,5.740840282123873E-03,9.939956818898205E-01,2.348791522460065E-04
2332178.5,1673-Mar-09,-9.877352717730280E-01,1.134680981934542E-01,3.124908166523199E-05,-2.208369072793233E-03,-1.715198073610881E-02,-1.286289858006700E-05,5.742201387805641E-03,9.942313500331208E-01,2.364449581598342E-04
2332179.5,1673-Mar-10,-9.897949040255689E-01,9.630025642332658E-02,1.838295019964156E-05,-1.910833543535936E-03,-1.718283766027433E-02,-1.286871611317105E-05,5.743571325523718E-03,9.944685473961037E-01,2.379375346990871E-04
2332180.5,1673-Mar-11,-9.915568303454403E-01,7.910415321197875E-02,5.512945068406913E-06,-1.612972463630467E-03,-1.720850362214280E-02,-1.287064680631316E-05,5.744949671376022E-03,9.947072005823990E-01,2.393565516590780E-04
2332181.5,1673-Mar-12,-9.930207709157227E-01,6.188497923685574E-02,-7.357049813781972E-06,-1.314877264767872E-03,-1.722897946512296E-02,-1.286869674859626E-05,5.746335999620315E-03,9.949472358770231E-01,2.407017022491079E-04
2332182.5,1673-Mar-13,-9.941865372390717E-01,4.464792351275068E-02,-2.022315732653543E-05,-1.016639149600291E-03,-1.724426766921413E-02,-1.286287342817433E-05,5.747729882813385E-03,9.951885792704781E-01,2.419727044483905E-04
2332183.5,1673-Mar-14,-9.950540318943086E-01,2.739817176102216E-02,-3.308150850472685E-05,-7.183490630481248E-04,-1.725437233927144E-02,-1.285318565229231E-05,5.749130891957679E-03,9.954311564841402E-01,2.431693022059573E-04
2332184.5,1673-Mar-15,-9.956232482644438E-01,1.014090479089542E-02,-4.592824380969295E-05,-4.200976638403399E-04,-1.725929919258034E-02,-1.283964344930340E-05,5.750538596654108E-03,9.956748929967171E-01,2.442912663607407E-04
2332185.5,1673-Mar-16,-9.958942702363242E-01,-7.118703106485841E-03,-5.875951429770768E-05,-1.219752962135541E-04,-1.725905554579056E-02,-1.282225796320023E-05,5.751952565259095E-03,9.959197140714402E-01,2.453383951694835E-04
2332186.5,1673-Mar-17,-9.958672718720296E-01,-2.437548575064703E-02,-7.157148268452142E-05,1.759280382994936E-04,-1.725365030127243E-02,-1.280104135339666E-05,5.753372365043282E-03,9.961655447835446E-01,2.463105143443032E-04
2332187.5,1673-Mar-18,-9.955425170520831E-01,-4.162428665047085E-02,-8.436032431812587E-05,4.735227090395212E-04,-1.724309393297750E-02,-1.277600671384641E-05,5.754797562348896E-03,9.964123100475135E-01,2.472074765365437E-04
2332188.5,1673-Mar-19,-9.949203590905059E-01,-5.885996056854031E-02,-9.712222808608760E-05,7.707194843488868E-04,-1.722739847190605E-02,-1.274716802511359E-05,5.756227722742485E-03,9.966599346435265E-01,2.480291602674427E-04
2332189.5,1673-Mar-20,-9.940012403217956E-01,-7.607737507080120E-02,-1.098533972959521E-04,1.067429559587855E-03,-1.720657749129867E-02,-1.271454014981032E-05,5.757662411160104E-03,9.969083432425974E-01,2.487754683972359E-04
2332190.5,1673-Mar-21,-9.927856916600015E-01,-9.327141206132723E-02,-1.225500505749252E-04,1.363564584882403E-03,-1.718064609166794E-02,-1.267813887573210E-05,5.759101192042767E-03,9.971574604300247E-01,2.494463263299707E-04
2332191.5,1673-Mar-22,-9.912743321302860E-01,-1.104369693020760E-01,-1.352084228348472E-04,1.659036692363896E-03,-1.714962088575941E-02,-1.263798100135996E-05,5.760543629461450E-03,9.974072107270380E-01,2.500416802480143E-04
2332192.5,1673-Mar-23,-9.894678683736194E-01,-1.275689619175842E-01,-1.478247663369065E-04,1.953758522607069E-03,-1.711351998346364E-02,-1.259408444566599E-05,5.761989287232814E-03,9.976575186108336E-01,2.505614957236456E-04
2332193.5,1673-Mar-24,-9.873670941255539E-01,-1.446623238845300E-01,-1.603953518673709E-04,2.247643250010901E-03,-1.707236297663691E-02,-1.254646835791675E-05,5.763437729028776E-03,9.979083085335455E-01,2.510057570014861E-04
2332194.5,1673-Mar-25,-9.849728896702120E-01,-1.617120095060373E-01,-1.729164700138779E-04,2.540604606942558E-03,-1.702617092371423E-02,-1.249515319933132E-05,5.764888518484276E-03,9.981595049409057E-01,2.513744671399648E-04
2332195.5,1673-Mar-26,-9.822862212707794E-01,-1.787129948704096E-01,-1.853844324963243E-04,2.832556906632574E-03,-1.697496633396495E-02,-1.244016077540324E-05,5.766341219308452E-03,9.984110322914933E-01,2.516676489963711E-04
2332196.5,1673-Mar-27,-9.793081405776758E-01,-1.956602792938739E-01,-1.977955735009921E-04,3.123415064921020E-03,-1.691877315119026E-02,-1.238151420101172E-05,5.767795395403515E-03,9.986628150773166E-01,2.518853468882832E-04
2332197.5,1673-Mar-28,-9.760397840154434E-01,-2.125488867466743E-01,-2.101462509453968E-04,3.413094621155041E-03,-1.685761673673112E-02,-1.231923780359924E-05,5.769250610994294E-03,9.989147778462438E-01,2.520276285453611E-04
2332198.5,1673-Mar-29,-9.724823721490092E-01,-2.293738672618050E-01,-2.224328476238810E-04,3.701511758597354E-03,-1.679152385172404E-02,-1.225335698365305E-05,5.770706430768842E-03,9.991668452263477E-01,2.520945869081582E-04
2332199.5,1673-Mar-30,-9.686372090296346E-01,-2.461302983256130E-01,-2.346517722019766E-04,3.988583324702156E-03,-1.672052263859539E-02,-1.218389805724722E-05,5.772162420027912E-03,9.994189419517872E-01,2.520863413467685E-04
2332200.5,1673-Mar-31,-9.645056815205241E-01,-2.628132862495633E-01,-2.467994600594508E-04,4.274226851561429E-03,-1.664464260192305E-02,-1.211088811666765E-05,5.773618144839014E-03,9.996709928894801E-01,2.520030379743132E-04
2332201.5,1673-Apr-01,-9.600892586018407E-01,-2.794179675226376E-01,-2.588723740158018E-04,4.558360576644538E-03,-1.656391458888163E-02,-1.203435493919246E-05,5.775073172189339E-03,9.999229230655831E-01,2.518448489642977E-04
2332202.5,1673-Apr-02,-9.553894906548654E-01,-2.959395101440724E-01,-2.708670049961016E-04,4.840903463745350E-03,-1.647837076951673E-02,-1.195432695935996E-05,5.776527070132232E-03,1.000174657690851E+00,2.516119710330291E-04
2332203.5,1673-Apr-03,-9.504080087252021E-01,-3.123731149363791E-01,-2.827798727004122E-04,5.121775223884304E-03,-1.638804461706527E-02,-1.187083330287468E-05,5.777979407923276E-03,1.000426122184200E+00,2.513046234367732E-04
2332204.5,1673-Apr-04,-9.451465237652467E-01,-3.287140168387711E-01,-2.946075263319584E-04,5.400896335829757E-03,-1.629297088846546E-02,-1.178390386571394E-05,5.779429756144461E-03,1.000677242194207E+00,2.509230459112684E-04
2332205.5,1673-Apr-05,-9.396068258564573E-01,-3.449574861812172E-01,-3.063465454160434E-04,5.678188065917451E-03,-1.619318560509911E-02,-1.169356941330977E-05,5.780877686817215E-03,1.000927943618679E+00,2.504674969372733E-04
2332206.5,1673-Apr-06,-9.337907834122592E-01,-3.610988299393362E-01,-3.179935407179622E-04,5.953572486944702E-03,-1.608872603371228E-02,-1.159986167351377E-05,5.782322773506998E-03,1.001178152622764E+00,2.499382525755589E-04
2332207.5,1673-Apr-07,-9.277003423625554E-01,-3.771333929702534E-01,-3.295451552412000E-04,6.226972496054457E-03,-1.597963066740499E-02,-1.150281340360479E-05,5.783764591423016E-03,1.001427795656216E+00,2.493356059393522E-04
2332208.5,1673-Apr-08,-9.213375253208529E-01,-3.930565592294477E-01,-3.409980652767778E-04,6.498311831632879E-03,-1.586593920661450E-02,-1.140245842433248E-05,5.785202717516614E-03,1.001676799470431E+00,2.486598672581580E-04
2332209.5,1673-Apr-09,-9.147044307349605E-01,-4.088637529685505E-01,-3.523489814686617E-04,6.767515089283705E-03,-1.574769253999201E-02,-1.129883161602178E-05,5.786636730581551E-03,1.001925091135810E+00,2.479113644241641E-04
2332210.5,1673-Apr-10,-9.078032320221238E-01,-4.245504399139035E-01,-3.635946498545672E-04,7.034507736987467E-03,-1.562493272509330E-02,-1.119196887699397E-05,5.788066211358337E-03,1.002172598059821E+00,2.470904438627164E-04
2332211.5,1673-Apr-11,-9.006361766893668E-01,-4.401121284257367E-01,-3.747318528525783E-04,7.299216129572367E-03,-1.549770296884875E-02,-1.108190705644814E-05,5.789490742644284E-03,1.002419248006060E+00,2.461974715638565E-04
2332212.5,1673-Apr-12,-8.932055854396679E-01,-4.555443706376704E-01,-3.857574101680540E-04,7.561567522559228E-03,-1.536604760779908E-02,-1.096868386283319E-05,5.790909909409609E-03,1.002664969114345E+00,2.452328341763939E-04
2332213.5,1673-Apr-13,-8.855138512645646E-01,-4.708427635763308E-01,-3.966681796011261E-04,7.821490085497991E-03,-1.523001208804424E-02,-1.085233775947767E-05,5.792323298919729E-03,1.002909689921901E+00,2.441969400005261E-04
2332214.5,1673-Apr-14,-8.775634385236164E-01,-4.860029502607416E-01,-4.074610577489123E-04,8.078912914926368E-03,-1.508964294485416E-02,-1.073290786025361E-05,5.793730500862533E-03,1.003153339385386E+00,2.430902197026682E-04
2332215.5,1673-Apr-15,-8.693568820110615E-01,-5.010206207811628E-01,-4.181329806077212E-04,8.333766047046064E-03,-1.494498778194959E-02,-1.061043383542972E-05,5.795131107478722E-03,1.003395846903467E+00,2.419131266399793E-04
2332216.5,1673-Apr-16,-8.608967860098777E-01,-5.158915133570381E-01,-4.286809240922097E-04,8.585980470263347E-03,-1.479609525043852E-02,-1.048495584308999E-05,5.796524713692504E-03,1.003637142339445E+00,2.406661366356476E-04
2332217.5,1673-Apr-17,-8.521858233333105E-01,-5.306114153737197E-01,-4.391019045053599E-04,8.835488137732224E-03,-1.464301502744940E-02,-1.035651450092975E-05,5.797910917239126E-03,1.003877156043336E+00,2.393497470953601E-04
2332218.5,1673-Apr-18,-8.432267343538227E-01,-5.451761643977252E-01,-4.493929790042705E-04,9.082221979974053E-03,-1.448579779458968E-02,-1.022515090757247E-05,5.799289318785391E-03,1.004115818872742E+00,2.379644754772125E-04
2332219.5,1673-Apr-19,-8.340223260193945E-01,-5.595816491704485E-01,-4.595512461125910E-04,9.326115917539932E-03,-1.432449521643373E-02,-1.009090671223262E-05,5.800659522039845E-03,1.004353062211923E+00,2.365108572862266E-04
2332220.5,1673-Apr-20,-8.245754708572023E-01,-5.738238105804729E-01,-4.695738463209350E-04,9.567104873554430E-03,-1.415915991928182E-02,-9.953824219053955E-06,5.802021133850748E-03,1.004588817988767E+00,2.349894439173209E-04
2332221.5,1673-Apr-21,-8.148891059649238E-01,-5.878986426148750E-01,-4.794579627993514E-04,9.805124785863111E-03,-1.398984547041068E-02,-9.813946500621720E-06,5.803373764292169E-03,1.004823018689691E+00,2.334008007702857E-04
2332222.5,1673-Apr-22,-8.049662319902372E-01,-6.018021932900840E-01,-4.892008222140864E-04,1.004011261844339E-02,-1.381660635795145E-02,-9.671317488091768E-06,5.804717026741013E-03,1.005055597372981E+00,2.317455060597240E-04
2332223.5,1673-Apr-23,-7.948099120994058E-01,-6.155305655629388E-01,-4.987996956100117E-04,1.027200637177922E-02,-1.363949797138339E-02,-9.525982008200045E-06,5.806050537949915E-03,1.005286487681414E+00,2.300241506001513E-04
2332224.5,1673-Apr-24,-7.844232709360618E-01,-6.290799182224671E-01,-5.082518992975351E-04,1.050074509210557E-02,-1.345857658243845E-02,-9.377985756188241E-06,5.807373918121718E-03,1.005515623855149E+00,2.282373385260098E-04
2332225.5,1673-Apr-25,-7.738094935712765E-01,-6.424464667626594E-01,-5.175547956829586E-04,1.072626887956419E-02,-1.327389932616680E-02,-9.227375207715227E-06,5.808686790990193E-03,1.005742940745709E+00,2.263856887304341E-04
2332226.5,1673-Apr-26,-7.629718244459915E-01,-6.556264842363024E-01,-5.267057939827431E-04,1.094851889544160E-02,-1.308552418189960E-02,-9.074197485126828E-06,5.809988783910554E-03,1.005968373831649E+00,2.244698366647099E-04
2332227.5,1673-Apr-27,-7.519135663064869E-01,-6.686163020895834E-01,-5.357023507990693E-04,1.116743736884615E-02,-1.289350995384165E-02,-8.918500212528574E-06,5.811279527959901E-03,1.006191859235950E+00,2.224904359800019E-04
2332228.5,1673-Apr-28,-7.406380791333513E-01,-6.814123109770672E-01,-5.445419705535808E-04,1.138296760311442E-02,-1.269791625118308E-02,-8.760331386484423E-06,5.812558658045949E-03,1.006413333744841E+00,2.204481596509293E-04
2332229.5,1673-Apr-29,-7.291487790640608E-01,-6.940109615565278E-01,-5.532222058116588E-04,1.159505398221245E-02,-1.249880346772129E-02,-8.599739287374706E-06,5.813825813020046E-03,1.006632734827373E+00,2.183437003284622E-04
2332230.5,1673-Apr-30,-7.174491373090898E-01,-7.064087652632028E-01,-5.617406575437434E-04,1.180364197728463E-02,-1.229623276110171E-02,-8.436772443090960E-06,5.815080635789823E-03,1.006850000654917E+00,2.161777698635417E-04
2332231.5,1673-May-01,-7.055426790613734E-01,-7.186022950631680E-01,-5.700949753768945E-04,1.200867815340530E-02,-1.209026603185685E-02,-8.271479646672207E-06,5.816322773426891E-03,1.007065070119818E+00,2.139510980959530E-04
2332232.5,1673-May-02,-6.934329823989434E-01,-7.305881861857456E-01,-5.782828578877388E-04,1.221011017645629E-02,-1.188096590247295E-02,-8.103910015898782E-06,5.817551877266004E-03,1.007277882852559E+00,2.116644311608316E-04
2332233.5,1673-May-03,-6.811236771806852E-01,-7.423631368350837E-01,-5.863020529668362E-04,1.240788681997866E-02,-1.166839569669497E-02,-7.934113076095292E-06,5.818767602993798E-03,1.007488379237131E+00,2.093185296214696E-04
2332234.5,1673-May-04,-6.686184439353308E-01,-7.539239088812261E-01,-5.941503582701541E-04,1.260195797182144E-02,-1.145261941922415E-02,-7.762138845885191E-06,5.819969610726935E-03,1.007696500424557E+00,2.069141667184062E-04
2332235.5,1673-May-05,-6.559210127439723E-01,-7.652673285311143E-01,-6.018256217493804E-04,1.279227464042274E-02,-1.123370173589188E-02,-7.588037908401225E-06,5.821157565081054E-03,1.007902188344834E+00,2.044521269571170E-04
2332236.5,1673-May-06,-6.430351621165347E-01,-7.763902869800112E-01,-6.093257422415543E-04,1.297878896059845E-02,-1.101170795432636E-02,-7.411861455531826E-06,5.822331135232852E-03,1.008105385717685E+00,2.019332051657039E-04
2332237.5,1673-May-07,-6.299647178627368E-01,-7.872897410438238E-01,-6.166486700859385E-04,1.316145419876699E-02,-1.078670400507730E-02,-7.233661299182255E-06,5.823489994978227E-03,1.008306036062619E+00,1.993582060627887E-04
2332238.5,1673-May-08,-6.167135519581201E-01,-7.979627137727537E-01,-6.237924077359623E-04,1.334022475759008E-02,-1.055875642313327E-02,-7.053489849421732E-06,5.824633822789302E-03,1.008504083708810E+00,1.967279443030829E-04
2332239.5,1673-May-09,-6.032855814057233E-01,-8.084062950466313E-01,-6.307550103341097E-04,1.351505618004317E-02,-1.032793232975722E-02,-6.871400063394601E-06,5.825762301872950E-03,1.008699473805229E+00,1.940432449267000E-04
2332240.5,1673-May-10,-5.896847670939663E-01,-8.186176421522134E-01,-6.375345862226600E-04,1.368590515292556E-02,-1.009429941457091E-02,-6.687445369371611E-06,5.826875120232864E-03,1.008892152331389E+00,1.913049441342078E-04
2332241.5,1673-May-11,-5.759151126512949E-01,-8.285939803426570E-01,-6.441292973691634E-04,1.385272950985513E-02,-9.857925917806903E-03,-6.501679572962807E-06,5.827971970736802E-03,1.009082066108992E+00,1.885138902709163E-04
2332242.5,1673-May-12,-5.619806632980506E-01,-8.383326033792885E-01,-6.505373596946005E-04,1.401548823378950E-02,-9.618880612608427E-03,-6.314156760051040E-06,5.829052551189749E-03,1.009269162814593E+00,1.856709448684816E-04
2332243.5,1673-May-13,-5.478855046960548E-01,-8.478308740556580E-01,-6.567570433056681E-04,1.417414145914874E-02,-9.377232787339550E-03,-6.124931199777274E-06,5.830116564412965E-03,1.009453390993287E+00,1.827769836353090E-04
2332244.5,1673-May-14,-5.336337617962239E-01,-8.570862247038464E-01,-6.627866726366709E-04,1.432865047359056E-02,-9.133052227678228E-03,-5.934057269117155E-06,5.831163718328100E-03,1.009634700073276E+00,1.798328971451841E-04
2332245.5,1673-May-15,-5.192295976845303E-01,-8.660961576826888E-01,-6.686246265347867E-04,1.447897771960961E-02,-8.886409198391834E-03,-5.741589413341074E-06,5.832193726043813E-03,1.009813040380865E+00,1.768395910076770E-04
2332246.5,1673-May-16,-5.046772124263710E-01,-8.748582458476061E-01,-6.742693383261052E-04,1.462508679613483E-02,-8.637374424750490E-03,-5.547582149941440E-06,5.833206305941540E-03,1.009988363155310E+00,1.737979853701467E-04
2332247.5,1673-May-17,-4.899808419092752E-01,-8.833701330016314E-01,-6.797192959122993E-04,1.476694246029066E-02,-8.386019073507507E-03,-5.352090127051295E-06,5.834201181756057E-03,1.010160620562771E+00,1.707090136045524E-04
2332248.5,1673-May-18,-4.751447566836960E-01,-8.916295343272650E-01,-6.849730419504164E-04,1.490451062948335E-02,-8.132414733629361E-03,-5.155168226744884E-06,5.835178082646286E-03,1.010329765708569E+00,1.675736202815267E-04
2332249.5,1673-May-19,-4.601732608015401E-01,-8.996342367990804E-01,-6.900291741471715E-04,1.503775838382530E-02,-7.876633397132154E-03,-4.956871686082235E-06,5.836136743253172E-03,1.010495752647208E+00,1.643927587972938E-04
2332250.5,1673-May-20,-4.450706906521655E-01,-9.073820995773909E-01,-6.948863456683858E-04,1.516665396873548E-02,-7.618747440436087E-03,-4.757256200362022E-06,5.837076903744088E-03,1.010658536390062E+00,1.611673891752243E-04
2332251.5,1673-May-21,-4.298414137958078E-01,-9.148710543836784E-01,-6.995432656293573E-04,1.529116679742790E-02,-7.358829606574604E-03,-4.556377975921156E-06,5.837998309846311E-03,1.010818072911176E+00,1.578984765544165E-04
2332252.5,1673-May-22,-4.144898277947078E-01,-9.220991058587290E-01,-7.039986996030124E-04,1.541126745297060E-02,-7.096952988409510E-03,-4.354293713688581E-06,5.838900712874620E-03,1.010974319152036E+00,1.545869906983102E-04
2332253.5,1673-May-23,-3.990203590425020E-01,-9.290643319044612E-01,-7.082514700782517E-04,1.552692768967155E-02,-6.833191012757732E-03,-4.151060525610293E-06,5.839783869759170E-03,1.011127233026406E+00,1.512339065585707E-04
2332254.5,1673-May-24,-3.834374615926091E-01,-9.357648840102057E-01,-7.123004568092762E-04,1.563812043370105E-02,-6.567617425109066E-03,-3.946735807345554E-06,5.840647543079053E-03,1.011276773426127E+00,1.478402056125022E-04
2332255.5,1673-May-25,-3.677456159863467E-01,-9.421989875638275E-01,-7.161445970304416E-04,1.574481978303324E-02,-6.300306274517294E-03,-3.741377102222677E-06,5.841491501104680E-03,1.011422900228467E+00,1.444068774996607E-04
2332256.5,1673-May-26,-3.519493280813730E-01,-9.483649421477015E-01,-7.197828855424197E-04,1.584700100688580E-02,-6.031331898419338E-03,-3.535041980270365E-06,5.842315517849522E-03,1.011565574305070E+00,1.409349215945812E-04
2332257.5,1673-May-27,-3.360531278808652E-01,-9.542611218194098E-01,-7.232143746912308E-04,1.594464054484641E-02,-5.760768907128082E-03,-3.327787955269836E-06,5.843119373130086E-03,1.011704757532346E+00,1.374253481518886E-04
2332258.5,1673-May-28,-3.200615683636310E-01,-9.598859753766102E-01,-7.264381742960771E-04,1.603771600590194E-02,-5.488692167811506E-03,-3.119672457172125E-06,5.843902852630130E-03,1.011840412802590E+00,1.338791787295598E-04
2332259.5,1673-May-29,-3.039792243151870E-01,-9.652380266057552E-01,-7.294534515684619E-04,1.612620616750193E-02,-5.215176788120574E-03,-2.910752847364726E-06,5.844665747965783E-03,1.011972504035250E+00,1.302974459825266E-04
2332260.5,1673-May-30,-2.878106911597067E-01,-9.703158745142307E-01,-7.322594310695068E-04,1.621009097476436E-02,-4.940298099463503E-03,-2.701086476017337E-06,5.845407856747375E-03,1.012100996187643E+00,1.266811927982165E-04
2332261.5,1673-May-31,-2.715605837926766E-01,-9.751181935456755E-01,-7.348553947383897E-04,1.628935153985795E-02,-4.664131640118980E-03,-2.490730763581121E-06,5.846128982634906E-03,1.012225855264551E+00,1.230314709739139E-04
2332262.5,1673-Jun-01,-2.552335354140827E-01,-9.796437337784055E-01,-7.372406820068451E-04,1.636397014155156E-02,-4.386753138359916E-03,-2.279743289544644E-06,5.846828935385016E-03,1.012347048326358E+00,1.193493396435522E-04
2332263.5,1673-Jun-02,-2.388341963619814E-01,-9.838913211070380E-01,-7.394146899999732E-04,1.643393022488836E-02,-4.108238495758321E-03,-2.068181873117006E-06,5.847507530888702E-03,1.012464543495578E+00,1.156358636759770E-04
2332264.5,1673-Jun-03,-2.223672329463615E-01,-9.878598574075745E-01,-7.413768738081208E-04,1.649921640091599E-02,-3.828663770811130E-03,-1.856104633123801E-06,5.848164591200177E-03,1.012578309961854E+00,1.118921122430854E-04
2332265.5,1673-Jun-04,-2.058373262832797E-01,-9.915483206863067E-01,-7.431267468043818E-04,1.655981444639809E-02,-3.548105162983206E-03,-1.643570018787892E-06,5.848799944558334E-03,1.012688317985670E+00,1.081191577080972E-04
2332266.5,1673-Jun-05,-1.892491711293220E-01,-9.949557652130020E-01,-7.446638809768903E-04,1.661571130343828E-02,-3.266638997219050E-03,-1.430636807874532E-06,5.849413425402951E-03,1.012794538901164E+00,1.043180749287016E-04
2332267.5,1673-Jun-06,-1.726074747165113E-01,-9.980813216388399E-01,-7.459879072427847E-04,1.666689507895813E-02,-2.984341708936422E-03,-1.217364072872025E-06,5.850004874388180E-03,1.012896945118457E+00,1.004899410177798E-04
2332268.5,1673-Jun-07,-1.559169555878286E-01,-1.000924197099577E+00,-7.470985157147098E-04,1.671335504398212E-02,-2.701289829485817E-03,-1.003811119180744E-06,5.850574138395988E-03,1.012995510125984E+00,9.663583556139896E-05
2332269.5,1673-Jun-08,-1.391823424335635E-01,-1.003483675304390E+00,-7.479954558926619E-04,1.675508163268950E-02,-2.417559972038474E-03,-7.900374015458390E-07,5.851121070552107E-03,1.013090208493252E+00,9.275684125976658E-05
2332270.5,1673-Jun-09,-1.224083729287435E-01,-1.005759116610799E+00,-7.486785367659871E-04,1.679206644119743E-02,-2.133228817846528E-03,-5.761024268235230E-07,5.851645530246746E-03,1.013181015874433E+00,8.885404492652710E-05
2332271.5,1673-Jun-10,-1.055997925719306E-01,-1.007749958086003E+00,-7.491476268149756E-04,1.682430222603944E-02,-1.848373102792160E-03,-3.620656535273244E-07,5.852147383161884E-03,1.013267909013081E+00,8.492853874480499E-05
2332272.5,1673-Jun-11,-8.876135352570602E-02,-1.009455713554857E+00,-7.494026539162335E-04,1.685178290230255E-02,-1.563069604093842E-03,-1.479864029072367E-07,5.852626501306199E-03,1.013350865748186E+00,8.098142161998872E-05
2332273.5,1673-Jun-12,-7.189781345919694E-02,-1.010875973634559E+00,-7.494436051711581E-04,1.687450354140358E-02,-1.277395126986244E-03,6.607620363405273E-08,5.853082763057545E-03,1.013429865021526E+00,7.701380040721612E-05
2332274.5,1673-Jun-13,-5.501393439300043E-02,-1.012010405755911E+00,-7.492705266916805E-04,1.689246036855705E-02,-9.914264911381168E-04,2.800632680287201E-07,5.853516053211523E-03,1.013504886886078E+00,7.302679073007131E-05
2332275.5,1673-Jun-14,-3.811448154675921E-02,-1.012858754170749E+00,-7.488835233858591E-04,1.690565075995387E-02,-7.052405165521581E-04,4.939160842427184E-07,5.853926263032842E-03,1.013575912514910E+00,6.902151709617563E-05
2332276.5,1673-Jun-15,-2.120422218962266E-02,-1.013420839944943E+00,-7.482827588028400E-04,1.691407323994314E-02,-4.189140087533231E-04,7.075760618444262E-07,5.854313290304739E-03,1.013642924209737E+00,6.499911207745026E-05
2332277.5,1673-Jun-16,-4.287924493420169E-03,-1.013696560936220E+00,-7.474684550662687E-04,1.691772747839744E-02,-1.325237433166092E-04,9.209846241544068E-07,5.854677039371032E-03,1.013705905408207E+00,6.096071461966525E-05
2332278.5,1673-Jun-17,1.262964361169129E-02,-1.013685891756295E+00,-7.464408929109455E-04,1.691661428845899E-02,1.538535500206981E-04,1.134083112949068E-06,5.855017421166551E-03,1.013764840689160E+00,5.690746777314634E-05
2332279.5,1673-Jun-18,2.954371557959606E-02,-1.013388883717107E+00,-7.452004117909511E-04,1.691073562482284E-02,4.401412031339290E-04,1.346812747139694E-06,5.855334353234187E-03,1.013819715775593E+00,5.284051645544854E-05
2332280.5,1673-Jun-19,4.644952738909414E-02,-1.012805664761577E+00,-7.437474099906587E-04,1.690009458242803E-02,7.262626246304505E-04,1.559114660288637E-06,5.855627759730696E-03,1.013870517535656E+00,4.876100587983841E-05
2332281.5,1673-Jun-20,6.334231868356248E-02,-1.011936439379712E+00,-7.420823446585519E-04,1.688469539529148E-02,1.012141314000772E-03,1.770930015191013E-06,5.855897571426340E-03,1.013917233982590E+00,4.467008101892844E-05
2332282.5,1673-Jun-21,8.021733390940168E-02,-1.010781488511064E+00,-7.402057316972568E-04,1.686454343520066E-02,1.297700874790761E-03,1.982200171870863E-06,5.856143725704509E-03,1.013959854274665E+00,4.056888711977905E-05
2332283.5,1673-Jun-22,9.706982345300783E-02,-1.009341169434407E+00,-7.381181454726863E-04,1.683964521004214E-02,1.582865027038134E-03,2.192866873556783E-06,5.856366166566754E-03,1.013998368716050E+00,3.645857098820286E-05
2332284.5,1673-Jun-23,1.138950447758374E-01,-1.007615915645194E+00,-7.358202183444379E-04,1.681000836164998E-02,1.867557619351474E-03,2.402872415355612E-06,5.856564844646395E-03,1.014032768759169E+00,3.234028259989460E-05
2332285.5,1673-Jun-24,1.306882635470767E-01,-1.005606236720956E+00,-7.333126400458828E-04,1.677564166317558E-02,2.151702641006749E-03,2.612159770810591E-06,5.856739717231297E-03,1.014063047008647E+00,2.821517659843288E-05
2332286.5,1673-Jun-25,1.474447547734782E-01,-1.003312718174468E+00,-7.305961569644967E-04,1.673655501607167E-02,2.435224234325974E-03,2.820672667174443E-06,5.856890748294185E-03,1.014089197226553E+00,2.408441336893108E-05
2332287.5,1673-Jun-26,1.641598039260404E-01,-1.000736021294353E+00,-7.276715713704453E-04,1.669275944681467E-02,2.718046707466938E-03,3.028355612468320E-06,5.857017908527542E-03,1.014111214338449E+00,1.994915953659508E-05
2332288.5,1673-Jun-27,1.808287080633091E-01,-9.978768829726412E-01,-7.245397406415334E-04,1.664426710342255E-02,3.000094547724417E-03,3.235153874118060E-06,5.857121175379488E-03,1.014129094439596E+00,1.581058778063137E-05
2332289.5,1673-Jun-28,1.974467769511294E-01,-9.947361155187598E-01,-7.212015765332768E-04,1.659109125190513E-02,3.281292435324725E-03,3.441013422663863E-06,5.857200533086507E-03,1.014142834800628E+00,1.166987600199216E-05
2332290.5,1673-Jun-29,2.140093341789033E-01,-9.913146064595690E-01,-7.176580445053522E-04,1.653324627277340E-02,3.561565257580705E-03,3.645880862401651E-06,5.857255972700192E-03,1.014152433872175E+00,7.528206019779212E-06
2332291.5,1673-Jun-30,2.305117182723525E-01,-9.876133183250352E-01,-7.139101631315683E-04,1.647074765759616E-02,3.840838123401569E-03,3.849703348667435E-06,5.857287492104925E-03,1.014157891287930E+00,3.386761832700662E-06
2332292.5,1673-Jul-01,2.469492838029228E-01,-9.836332884193099E-01,-7.099590035867349E-04,1.640361200572220E-02,4.119036377956434E-03,4.052428512434656E-06,5.857295096025010E-03,1.014159207865880E+00,-7.532722930575112E-07
2332293.5,1673-Jul-02,2.633174024939971E-01,-9.793756285771154E-01,-7.058056892033073E-04,1.633185702117289E-02,4.396085617387190E-03,4.254004398541282E-06,5.857278796020595E-03,1.014156385607603E+00,-4.890713759432046E-06
2332294.5,1673-Jul-03,2.796114643240884E-01,-9.748415249054373E-01,-7.014513950801253E-04,1.625550150971562E-02,4.671911703448753E-03,4.454379424951846E-06,5.857238610472749E-03,1.014149427695682E+00,-9.024383429358920E-06
2332295.5,1673-Jul-04,2.958268786271993E-01,-9.700322375106729E-01,-6.968973477194416E-04,1.617456537611769E-02,4.946440777953359E-03,4.653502365243765E-06,5.857174564559003E-03,1.014138338489472E+00,-1.315310711651594E-05
2332296.5,1673-Jul-05,3.119590751905138E-01,-9.649491002114615E-01,-6.921448246711712E-04,1.608906962155382E-02,5.219599276935133E-03,4.851322353799582E-06,5.857086690221417E-03,1.014123123519569E+00,-1.727571666454919E-05
2332297.5,1673-Jul-06,3.280035053495584E-01,-9.595935202375229E-01,-6.871951541604567E-04,1.599903634112817E-02,5.491313944474252E-03,5.047788910616817E-06,5.856975026129785E-03,1.014103789481441E+00,-2.139105054483848E-05
2332298.5,1673-Jul-07,3.439556430809218E-01,-9.539669779148554E-01,-6.820497146842556E-04,1.590448872146119E-02,5.761511846139244E-03,5.242851979856078E-06,5.856839617642873E-03,1.014080344228713E+00,-2.549795393579648E-05
2332299.5,1673-Jul-08,3.598109860925670E-01,-9.480710263376935E-01,-6.767099345649961E-04,1.580545103827337E-02,6.030120382031407E-03,5.436461973152578E-06,5.856680516770693E-03,1.014052796766642E+00,-2.959527829019579E-05
2332300.5,1673-Jul-09,3.755650569116880E-01,-9.419072910276112E-01,-6.711772914640914E-04,1.570194865387387E-02,6.297067299453626E-03,5.628569805710206E-06,5.856497782140629E-03,1.014021157246243E+00,-3.368188045638744E-05
2332301.5,1673-Jul-10,3.912134039699585E-01,-9.354774695801155E-01,-6.654533118683599E-04,1.559400801443342E-02,6.562280705281506E-03,5.819126910949790E-06,5.856291478969572E-03,1.013985436959470E+00,-3.775662149736794E-05
2332302.5,1673-Jul-11,4.067516026858877E-01,-9.287833312989560E-01,-6.595395705793351E-04,1.548165664690066E-02,6.825689078188577E-03,6.008085219049678E-06,5.856061679043225E-03,1.013945648335634E+00,-4.181836544292403E-05
2332303.5,1673-Jul-12,4.221752565438551E-01,-9.218267168181894E-01,-6.534376902468497E-04,1.536492315542417E-02,7.087221280968041E-03,6.195397087565547E-06,5.855808460702037E-03,1.013901804938963E+00,-4.586597830321143E-05
2332304.5,1673-Jul-13,4.374799981692798E-01,-9.146095377117299E-01,-6.471493409977968E-04,1.524383721719165E-02,7.346806573296312E-03,6.381015180217070E-06,5.855531908831126E-03,1.013853921466858E+00,-4.989832774608283E-05
2332305.5,1673-Jul-14,4.526614903993497E-01,-9.071337760897741E-01,-6.406762402067822E-04,1.511842957773888E-02,7.604374625257246E-03,6.564892311506669E-06,5.855232114849308E-03,1.013802013747999E+00,-5.391428373911804E-05
2332306.5,1673-Jul-15,4.677154273488855E-01,-8.994014841812582E-01,-6.340201524243066E-04,1.498873204594998E-02,7.859855531764087E-03,6.746981290188985E-06,5.854909176691576E-03,1.013746098739302E+00,-5.791272018168836E-05
2332307.5,1673-Jul-16,4.826375354711937E-01,-8.914147839014566E-01,-6.271828894451471E-04,1.485477748911937E-02,8.113179827829286E-03,6.927234807239621E-06,5.854563198779784E-03,1.013686194520851E+00,-6.189251726897282E-05
2332308.5,1673-Jul-17,4.974235746141700E-01,-8.831758664040751E-01,-6.201663104488537E-04,1.471659982842193E-02,8.364278504176242E-03,7.105605403736295E-06,5.854194291979185E-03,1.013622320288371E+00,-6.585256389087089E-05
2332309.5,1673-Jul-18,5.120693390721635E-01,-8.746869916177834E-01,-6.129723221288423E-04,1.457423403498749E-02,8.613083022688598E-03,7.282045527983236E-06,5.853802573542594E-03,1.013554496343555E+00,-6.979175943490478E-05
2332310.5,1673-Jul-19,5.265706586342119E-01,-8.659504877675736E-01,-6.056028787246669E-04,1.442771612653788E-02,8.859525331243472E-03,7.456507663546471E-06,5.853388167047020E-03,1.013482744083101E+00,-7.370901454375934E-05
2332311.5,1673-Jul-20,5.409233996290871E-01,-8.569687508816892E-01,-5.980599819097121E-04,1.427708316431413E-02,9.103537877732715E-03,7.628944486799514E-06,5.852951202329175E-03,1.013407085987538E+00,-7.760325076719902E-05
2332312.5,1673-Jul-21,5.551234659672818E-01,-8.477442442848987E-01,-5.903456805210056E-04,1.412237324998607E-02,9.345053623392623E-03,7.799309015646563E-06,5.852491815425564E-03,1.013327545610857E+00,-8.147339939087340E-05
2332313.5,1673-Jul-22,5.691668001797890E-01,-8.382794980786761E-01,-5.824620701580967E-04,1.396362552229231E-02,9.584006055702790E-03,7.967554722868489E-06,5.852010148520748E-03,1.013244147571552E+00,-8.531839984586762E-05
2332314.5,1673-Jul-23,5.830493844533170E-01,-8.285771086085825E-01,-5.744112926906933E-04,1.380088015325217E-02,9.820329201138542E-03,8.133635601855314E-06,5.851506349905051E-03,1.013156917545295E+00,-8.913719808287183E-05
2332315.5,1673-Jul-24,5.967672416614700E-01,-8.186397379188611E-01,-5.661955357254098E-04,1.363417834388465E-02,1.005395763801830E-02,8.297506185043234E-06,5.850980573941044E-03,1.013065882259138E+00,-9.292874520170751E-05
2332316.5,1673-Jul-25,6.103164363914040E-01,-8.084701131940666E-01,-5.578170320740590E-04,1.346356231943907E-02,1.028482650961503E-02,8.459121523679655E-06,5.850432981036748E-03,1.012971069486869E+00,-9.669199651263928E-05
2332317.5,1673-Jul-26,6.236930759654828E-01,-7.980710261874060E-01,-5.492780592564085E-04,1.328907532417916E-02,1.051287153762854E-02,8.618437141044289E-06,5.849863737622812E-03,1.012872508045061E+00,-1.004259111070580E-04
2332318.5,1673-Jul-27,6.368933114575193E-01,-7.874453326354098E-01,-5.405809390582697E-04,1.311076161577306E-02,1.073802903605883E-02,8.775408971085594E-06,5.849273016130659E-03,1.012770227789289E+00,-1.041294519460927E-04
2332319.5,1673-Jul-28,6.499133387032304E-01,-7.765959516585246E-01,-5.317280371531849E-04,1.292866645934681E-02,1.096023592548764E-02,8.929993293925567E-06,5.848660994968699E-03,1.012664259610013E+00,-1.078015864323246E-04
2332320.5,1673-Jul-29,6.627493993046154E-01,-7.655258651472229E-01,-5.227217627845298E-04,1.274283612129414E-02,1.117942974776122E-02,9.082146683525937E-06,5.848027858494045E-03,1.012554635427676E+00,-1.114412873836946E-04
2332321.5,1673-Jul-30,6.753977816280592E-01,-7.542381171332492E-01,-5.135645684882034E-04,1.255331786291762E-02,1.139554868101449E-02,9.231825976184345E-06,5.847373796977708E-03,1.012441388186683E+00,-1.150475342869437E-04
2332322.5,1673-Jul-31,6.878548217960074E-01,-7.427358131457070E-01,-5.042589498377308E-04,1.236015993394911E-02,1.160853155496464E-02,9.378988261962191E-06,5.846699006562052E-03,1.012324551848033E+00,-1.186193147119734E-04
2332323.5,1673-Aug-01,7.001169046721591E-01,-7.310221195517413E-01,-4.948074451793060E-04,1.216341156610300E-02,1.181831786640536E-02,9.523590913704639E-06,5.846003689210036E-03,1.012204161380526E+00,-1.221556256964443E-04
2332324.5,1673-Aug-02,7.121804648402421E-01,-7.191002628816751E-01,-4.852126353222599E-04,1.196312296665031E-02,1.202484779478457E-02,9.665591643484323E-06,5.845288052646880E-03,1.012080252750670E+00,-1.256554749816266E-04
2332325.5,1673-Aug-03,7.240419875763934E-01,-7.069735291385644E-01,-4.754771431602499E-04,1.175934531210076E-02,1.222806221777749E-02,9.804948587124797E-06,5.844552310295355E-03,1.011952862911472E+00,-1.291178819441588E-04
2332326.5,1673-Aug-04,7.356980098153088E-01,-6.946452630922271E-01,-4.656036331950843E-04,1.155213074204789E-02,1.242790272674870E-02,9.941620411074942E-06,5.843796681206969E-03,1.011822029790525E+00,-1.325418780795116E-04
2332327.5,1673-Aug-05,7.471451211103012E-01,-6.821188675579029E-01,-4.555948109494817E-04,1.134153235313476E-02,1.262431164201147E-02,1.007556642606529E-05,5.843021389991756E-03,1.011687792277852E+00,-1.359265069847328E-04
2332328.5,1673-Aug-06,7.583799645873737E-01,-6.693978026597875E-01,-4.454534222677732E-04,1.112760419311480E-02,1.281723202781197E-02,1.020674669467291E-05,5.842226666749736E-03,1.011550190214034E+00,-1.392708238053011E-04
2332329.5,1673-Aug-07,7.693992378933753E-01,-6.564855850797436E-01,-4.351822525187876E-04,1.091040125493462E-02,1.300660770698257E-02,1.033512211704770E-05,5.841412747007044E-03,1.011409264379160E+00,-1.425738941730680E-04
2332330.5,1673-Aug-08,7.801996941381888E-01,-6.433857872915338E-01,-4.247841257309548E-04,1.068997947068569E-02,1.319238327524937E-02,1.046065447705736E-05,5.840579871659402E-03,1.011265056483029E+00,-1.458347927677356E-04
2332331.5,1673-Aug-09,7.907781428307128E-01,-6.301020367808964E-01,-4.142619037080845E-04,1.046639570519507E-02,1.337450411525486E-02,1.058330643392852E-05,5.839728286924380E-03,1.011117609156892E+00,-1.490526017615283E-04
2332332.5,1673-Aug-10,8.011314508081393E-01,-6.166380152516783E-01,-4.036184851829958E-04,1.023970774898155E-02,1.355291641045870E-02,1.070304145416288E-05,5.838858244302088E-03,1.010966965946645E+00,-1.522264095202090E-04
2332333.5,1673-Aug-11,8.112565431577613E-01,-6.029974578180197E-01,-3.928568050660991E-04,1.000997431032113E-02,1.372756715918345E-02,1.081982369361863E-05,5.837970000541628E-03,1.010813171307015E+00,-1.553553099856765E-04
2332334.5,1673-Aug-12,8.211504041303308E-01,-5.891841521822863E-01,-3.819798338256088E-04,9.777255006272500E-03,1.389840418913539E-02,1.093361785758871E-05,5.837063817608212E-03,1.010656270595873E+00,-1.584384031018098E-04
2332335.5,1673-Aug-13,8.308100780439387E-01,-5.752019377981106E-01,-3.709905770017799E-04,9.541610352731576E-03,1.406537617269393E-02,1.104438908110126E-05,5.836139962644437E-03,1.010496310067526E+00,-1.614747964082332E-04
2332336.5,1673-Aug-14,8.402326701776208E-01,-5.610547050177158E-01,-3.598920748112148E-04,9.303101753937816E-03,1.422843264304886E-02,1.115210287480782E-05,5.835198707919630E-03,1.010333336863946E+00,-1.644636074606303E-04
2332337.5,1673-Aug-15,8.494153476544378E-01,-5.467463942227594E-01,-3.486874017618528E-04,9.061791491941208E-03,1.438752401098299E-02,1.125672515664776E-05,5.834240330764475E-03,1.010167399003454E+00,-1.674039664555854E-04
2332338.5,1673-Aug-16,8.583553403141239E-01,-5.322809949382036E-01,-3.373796661986329E-04,8.817742716407652E-03,1.454260158194180E-02,1.135822235834200E-05,5.833265113491129E-03,1.009998545366882E+00,-1.702950184469713E-04
2332339.5,1673-Aug-17,8.670499415758829E-01,-5.176625449291798E-01,-3.259720097154322E-04,8.571019435060665E-03,1.469361757292473E-02,1.145656157649742E-05,5.832273343303403E-03,1.009826825682032E+00,-1.731359245695841E-04
2332340.5,1673-Aug-18,8.754965092918666E-01,-5.028951292811626E-01,-3.144676064131598E-04,8.321686504580874E-03,1.484052512894884E-02,1.155171072354197E-05,5.831265312202831E-03,1.009652290507399E+00,-1.759258622499024E-04
2332341.5,1673-Aug-19,8.836924665916830E-01,-4.879828794639398E-01,-3.028696620207404E-04,8.069809621720637E-03,1.498327833898224E-02,1.164363864723650E-05,5.830241316896064E-03,1.009474991216148E+00,-1.786640245641362E-04
2332342.5,1673-Aug-20,8.916353027179964E-01,-4.729299723798954E-01,-2.911814129198508E-04,7.815455314319585E-03,1.512183225141010E-02,1.173231520190008E-05,5.829201658707686E-03,1.009294979981015E+00,-1.813496190836436E-04
2332343.5,1673-Aug-21,8.993225738529805E-01,-4.577406293970001E-01,-2.794061251238625E-04,7.558690931958477E-03,1.525614288918093E-02,1.181771126948880E-05,5.828146643500273E-03,1.009112309760462E+00,-1.839818665586878E-04
2332344.5,1673-Aug-22,9.067519039351715E-01,-4.424191153667527E-01,-2.675470932579044E-04,7.299584636087015E-03,1.538616726477567E-02,1.189979873778857E-05,5.827076581601904E-03,1.008927034286130E+00,-1.865599997019181E-04
2332345.5,1673-Aug-23,9.139209854661452E-01,-4.269697376271921E-01,-2.556076395776729E-04,7.038205389531147E-03,1.551186339511952E-02,1.197855044716821E-05,5.825991787739934E-03,1.008739208051372E+00,-1.890832622507512E-04
2332346.5,1673-Aug-24,9.208275803063705E-01,-4.113968449909858E-01,-2.435911130517924E-04,6.774622945333877E-03,1.563319031652715E-02,1.205394011859392E-05,5.824892580979115E-03,1.008548886300537E+00,-1.915509084189415E-04
2332347.5,1673-Aug-25,9.274695204595625E-01,-3.957048267185298E-01,-2.315008885201762E-04,6.508907834916607E-03,1.575010809974536E-02,1.212594227527886E-05,5.823779284661605E-03,1.008356125018584E+00,-1.939622027932476E-04
2332348.5,1673-Aug-26,9.338447088448636E-01,-3.798981114759366E-01,-2.193403659294602E-04,6.241131355571921E-03,1.586257786513755E-02,1.219453216964602E-05,5.822652226346259E-03,1.008160980920571E+00,-1.963164206886524E-04
2332349.5,1673-Aug-27,9.399511200561919E-01,-3.639811662777563E-01,-2.071129696338778E-04,5.971365557319045E-03,1.597056179804164E-02,1.225968572621360E-05,5.821511737744567E-03,1.007963511440562E+00,-1.986128489403153E-04
2332350.5,1673-Aug-28,9.457868011081511E-01,-3.479584954142413E-01,-1.948221477417316E-04,5.699683229175081E-03,1.607402316432411E-02,1.232137950988545E-05,5.820358154650917E-03,1.007763774719553E+00,-2.008507870751259E-04
2332351.5,1673-Aug-29,9.513498721679489E-01,-3.318346393629555E-01,-1.824713714772040E-04,5.426157884924098E-03,1.617292632613830E-02,1.237959072668363E-05,5.819191816865191E-03,1.007561829592069E+00,-2.030295487631019E-04
2332352.5,1673-Aug-30,9.566385272728843E-01,-3.156141736845302E-01,-1.700641345245870E-04,5.150863748506288E-03,1.626723675786518E-02,1.243429725943441E-05,5.818013068106544E-03,1.007357735571238E+00,-2.051484633914127E-04
2332353.5,1673-Aug-31,9.616510350330908E-01,-2.993017079024038E-01,-1.576039523192597E-04,4.873875739153219E-03,1.635692106219799E-02,1.248547773654777E-05,5.816822255918193E-03,1.007151552832302E+00,-2.072068775896349E-04
2332354.5,1673-Sep-01,9.663857393193338E-01,-2.829018843664262E-01,-1.450943612558657E-04,4.595269456405759E-03,1.644194698633546E-02,1.253311163130503E-05,5.815619731563900E-03,1.006943342194696E+00,-2.092041565234828E-04
2332355.5,1673-Sep-02,9.708410599358350E-01,-2.664193771002597E-01,-1.325389177874576E-04,4.315121165138028E-03,1.652228343811852E-02,1.257717936942580E-05,5.814405849918211E-03,1.006733165103043E+00,-2.111396847518184E-04
2332356.5,1673-Sep-03,9.750154932781521E-01,-2.498588906327061E-01,-1.199411974182721E-04,4.033507780687845E-03,1.659790050210373E-02,1.261766244246213E-05,5.813180969353288E-03,1.006521083607560E+00,-2.130128665245000E-04
2332357.5,1673-Sep-04,9.789076129762772E-01,-2.332251588130387E-01,-1.073047935877205E-04,3.750506854140682E-03,1.666876945539791E-02,1.265454350044636E-05,5.811945451625931E-03,1.006307160344494E+00,-2.148231254105913E-04
2332358.5,1673-Sep-05,9.825160705230611E-01,-2.165229436106954E-01,-9.463331648269968E-05,3.466196557692410E-03,1.673486278310613E-02,1.268780640314871E-05,5.810699661768602E-03,1.006091458517257E+00,-2.165699033018542E-04
2332359.5,1673-Sep-06,9.858395958880021E-01,-1.997570338997342E-01,-8.193039182221036E-05,3.180655669984344E-03,1.679615419334304E-02,1.271743622223686E-05,5.809443967987730E-03,1.005874041878817E+00,-2.182526589144460E-04
2332360.5,1673-Sep-07,9.888769981162590E-01,-1.829322442285367E-01,-6.919965966882137E-05,2.893963561165635E-03,1.685261863171396E-02,1.274341918447936E-05,5.808178741571534E-03,1.005654974715735E+00,-2.198708660557720E-04
2332361.5,1673-Sep-08,9.916271659124410E-01,-1.660534135753038E-01,-5.644477332499906E-05,2.606200177319232E-03,1.690423229525830E-02,1.276574256159951E-05,5.806904356807523E-03,1.005434321833885E+00,-2.214240120780265E-04
2332362.5,1673-Sep-09,9.940890682083435E-01,-1.491254040898317E-01,-4.366939835656808E-05,2.317446023864501E-03,1.695097264597758E-02,1.278439453159294E-05,5.805621190907256E-03,1.005212148545422E+00,-2.229115969912987E-04
2332363.5,1673-Sep-10,9.962617547134485E-01,-1.321530998218739E-01,-3.087721175348196E-05,2.027782147655272E-03,1.699281842417780E-02,1.279936404950436E-05,5.804329623933383E-03,1.004988520656158E+00,-2.243331336035317E-04
2332364.5,1673-Sep-11,9.981443564468346E-01,-1.151414054361406E-01,-1.807190119856883E-05,1.737290117716069E-03,1.702974966189866E-02,1.281064076714832E-05,5.803030038722566E-03,1.004763504452201E+00,-2.256881487985240E-04
2332365.5,1673-Sep-12,9.997360862492294E-01,-9.809524491372536E-02,-5.257164379513323E-06,1.446052004848571E-03,1.706174769665970E-02,1.281821502924868E-05,5.801722820798196E-03,1.004537166684861E+00,-2.269761857192221E-04
2332366.5,1673-Sep-13,1.001036239274297E+00,-8.101956023957665E-02,7.563291736302973E-06,1.154150360598108E-03,1.708879518562561E-02,1.282207795058559E-05,5.800408358269168E-03,1.004309574553109E+00,-2.281968063067015E-04
2332367.5,1673-Sep-14,1.002044193458820E+00,-6.391931007562228E-02,2.038575173633999E-05,8.616681961567718E-04,1.711087612010490E-02,1.282222155126665E-05,5.799087041714613E-03,1.004080795683624E+00,-2.293495935176240E-04
2332368.5,1673-Sep-15,1.002759409971900E+00,-4.679946841934139E-02,3.320649274364068E-05,5.686889615126062E-04,1.712797584009160E-02,1.281863890566559E-05,5.797759264057878E-03,1.003850898108975E+00,-2.304341528063707E-04
2332369.5,1673-Sep-16,1.003181433643453E+00,-2.966502324789027E-02,4.602178553811947E-05,2.752965249543586E-04,1.714008104862258E-02,1.281132427372410E-05,5.796425420434329E-03,1.003619950244731E+00,-2.314501127051896E-04
2332370.5,1673-Sep-17,1.003309893372449E+00,-1.252097514800580E-02,5.882789579363043E-05,-1.842484708107457E-05,1.714717982577648E-02,1.280027319338826E-05,5.795085908058818E-03,1.003388020866511E+00,-2.323971244969998E-04
2332371.5,1673-Sep-18,1.003144502514964E+00,4.627664067801044E-03,7.162108537906086E-05,-3.123905101741194E-04,1.714926164212853E-02,1.278548251939190E-05,5.793741126096464E-03,1.003155179087612E+00,-2.332748613540708E-04
2332372.5,1673-Sep-19,1.002685059252028E+00,2.177587275825242E-02,8.439761367573803E-05,-6.065154622526886E-04,1.714631737167996E-02,1.276695041775141E-05,5.792391475539625E-03,1.002921494337709E+00,-2.340830171385190E-04
2332373.5,1673-Sep-20,1.001931446936956E+00,3.891862086296973E-02,9.715373887021017E-05,-9.007143643122884E-04,1.713833930424948E-02,1.274467632312087E-05,5.791037359092074E-03,1.002687036342800E+00,-2.348213051353760E-04
2332374.5,1673-Sep-21,1.000883634421707E+00,5.605087132427224E-02,1.098857191902391E-04,-1.194901561663916E-03,1.712532115735331E-02,1.271866087057571E-05,5.789679181060258E-03,1.002451875106375E+00,-2.354894569003223E-04
2332375.5,1673-Sep-22,9.995416763616810E-01,7.316758152061373E-02,1.225898140652691E-04,-1.488991105815008E-03,1.710725808760578E-02,1.268890581424307E-05,5.788317347250493E-03,1.002216080891620E+00,-2.360872213642670E-04
2332376.5,1673-Sep-23,9.979057134982922E-01,9.026370471119023E-02,1.352622852033467E-04,-1.782896777056013E-03,1.708414670166443E-02,1.265541394368722E-05,5.786952264870364E-03,1.001979724204343E+00,-2.366143642958916E-04
2332377.5,1673-Sep-24,9.959759729185781E-01,1.073341914912752E-01,1.478993975878544E-04,-2.076532107809303E-03,1.705598506674490E-02,1.261818900879091E-05,5.785584342432012E-03,1.001742875776227E+00,-2.370706681982990E-04
2332378.5,1673-Sep-25,9.937527682910581E-01,1.243739912578685E-01,1.604974204078653E-04,-2.369810406780897E-03,1.702277272074008E-02,1.257723566382768E-05,5.784213989654607E-03,1.001505606547949E+00,-2.374559326884807E-04
2332379.5,1673-Sep-26,9.912365000770346E-01,1.413780536852857E-01,1.730526279462404E-04,-2.662644783927903E-03,1.698451068199146E-02,1.253255944045931E-05,5.782841617363238E-03,1.001267987651668E+00,-2.377699753671202E-04
2332380.5,1673-Sep-27,9.884276557165278E-01,1.583413302103704E-01,1.855613004583927E-04,-2.954948176211225E-03,1.694120145877384E-02,1.248416675690361E-05,5.781467637381455E-03,1.001030090392420E+00,-2.380126331272948E-04
2332381.5,1673-Sep-28,9.853268097880997E-01,1.752587755270764E-01,1.980197250796734E-04,-3.246633374045690E-03,1.689284905856299E-02,1.243206496607107E-05,5.780092462415257E-03,1.000791986228035E+00,-2.381837637777994E-04
2332382.5,1673-Sep-29,9.819346241419395E-01,1.921253490902372E-01,2.104241967994028E-04,-3.537613048296456E-03,1.683945899715272E-02,1.237626243938870E-05,5.778716505927289E-03,1.000553746747350E+00,-2.382832477814083E-04
2332383.5,1673-Sep-30,9.782518480057645E-01,2.089360166283980E-01,2.227710195322482E-04,-3.827799777615857E-03,1.678103830766588E-02,1.231676867560208E-05,5.777340182001243E-03,1.000315443646734E+00,-2.383109898496931E-04
2332384.5,1673-Oct-01,9.742793180633077E-01,2.256857516656056E-01,2.350565073037354E-04,-4.117106075889517E-03,1.671759554945476E-02,1.225359441598455E-05,5.775963905198160E-03,1.000077148705206E+00,-2.382669201201731E-04
2332385.5,1673-Oct-02,9.700179585054003E-01,2.423695370520221E-01,2.472769855445061E-04,-4.405444419581683E-03,1.664914081683976E-02,1.218675174493381E-05,5.774588090407703E-03,9.998389337586848E-01,-2.381509946825976E-04
2332386.5,1673-Oct-03,9.654687810538179E-01,2.589823665031581E-01,2.594287924702518E-04,-4.692727274810348E-03,1.657568574756554E-02,1.211625415217941E-05,5.773213152698647E-03,9.996008706741005E-01,-2.379631952965013E-04
2332387.5,1673-Oct-04,9.606328849582180E-01,2.755192461473470E-01,2.715082804958997E-04,-4.978867124155849E-03,1.649724353083663E-02,1.204211654612390E-05,5.771839507173371E-03,9.993630313242018E-01,-2.377035283434785E-04
2332388.5,1673-Oct-05,9.555114569663777E-01,2.919751960809654E-01,2.835118176358161E-04,-5.263776493203633E-03,1.641382891469244E-02,1.196435520235441E-05,5.770467568830299E-03,9.991254875637389E-01,-2.373720231097679E-04
2332389.5,1673-Oct-06,9.501057712679333E-01,3.083452519306050E-01,2.954357888220582E-04,-5.547367977096115E-03,1.632545821253605E-02,1.188298766074478E-05,5.769097752437395E-03,9.988883112075584E-01,-2.369687297801689E-04
2332390.5,1673-Oct-07,9.444171894114168E-01,3.246244664212997E-01,3.072765971044517E-04,-5.829554267424665E-03,1.623214930868278E-02,1.179803259369710E-05,5.767730472417010E-03,9.986515740106658E-01,-2.364937175763049E-04
2332391.5,1673-Oct-08,9.384471601940927E-01,3.408079109497555E-01,3.190306647148546E-04,-6.110248179810584E-03,1.613392166281390E-02,1.170950967267628E-05,5.766366142740003E-03,9.984153476498938E-01,-2.359470734855981E-04
2332392.5,1673-Oct-09,9.321972195237088E-01,3.568906771615078E-01,3.306944340135703E-04,-6.389362682536722E-03,1.603079631340093E-02,1.161743947170978E-05,5.765005176824503E-03,9.981797037063727E-01,-2.353289019668803E-04
2332393.5,1673-Oct-10,9.256689902510125E-01,3.728678785310688E-01,3.422643683698965E-04,-6.666810926396187E-03,1.592279588030463E-02,1.152184343575816E-05,5.763647987433214E-03,9.979447136477485E-01,-2.346393257465867E-04
2332394.5,1673-Oct-11,9.188641819718374E-01,3.887346519443746E-01,3.537369530476658E-04,-6.942506275666969E-03,1.580994456682071E-02,1.142274392118196E-05,5.762294986563376E-03,9.977104488091323E-01,-2.338784875051285E-04
2332395.5,1673-Oct-12,9.117845907977723E-01,4.044861592831095E-01,3.651086961622803E-04,-7.216362339906017E-03,1.569226816142837E-02,1.132016429459943E-05,5.760946585325424E-03,9.974769803720896E-01,-2.330465520174071E-04
2332396.5,1673-Oct-13,9.044320990947993E-01,4.201175890107071E-01,3.763761297539647E-04,-7.488293006147018E-03,1.556979403940819E-02,1.121412906146661E-05,5.759603193809259E-03,9.972443793414857E-01,-2.321437082246377E-04
2332397.5,1673-Oct-14,8.968086751897020E-01,4.356241577599193E-01,3.875358109908570E-04,-7.758212471106016E-03,1.544255116435684E-02,1.110466399075883E-05,5.758265220939844E-03,9.970127165204826E-01,-2.311701707926013E-04
2332398.5,1673-Oct-15,8.889163730443795E-01,4.510011119218080E-01,3.985843234823425E-04,-8.026035273130661E-03,1.531057008948601E-02,1.099179620760210E-05,5.756933074325910E-03,9.967820624843450E-01,-2.301261809158439E-04
2332399.5,1673-Oct-16,8.807573318983836E-01,4.662437292358476E-01,4.095182786621117E-04,-8.291676323813175E-03,1.517388295851448E-02,1.087555423945237E-05,5.755607160106295E-03,9.965524875538319E-01,-2.290120063646375E-04
2332400.5,1673-Oct-17,8.723337758799845E-01,4.813473203806567E-01,4.203343171949506E-04,-8.555050939325624E-03,1.503252350603109E-02,1.075596801835767E-05,5.754287882797840E-03,9.963240617688643E-01,-2.278279408958177E-04
2332401.5,1673-Oct-18,8.636480135860135E-01,4.963072305647883E-01,4.310291103659005E-04,-8.816074871555734E-03,1.488652705717072E-02,1.063306884224258E-05,5.752975645148254E-03,9.960968548630454E-01,-2.265743031999809E-04
2332402.5,1673-Oct-19,8.547024376306104E-01,5.111188411167435E-01,4.415993614120187E-04,-9.074664339172183E-03,1.473593052646052E-02,1.050688930434866E-05,5.751670847995651E-03,9.958709362393433E-01,-2.252514356129120E-04
2332403.5,1673-Oct-20,8.454995241628962E-01,5.257775710734609E-01,4.520418067759706E-04,-9.330736058744163E-03,1.458077241582520E-02,1.037746320770156E-05,5.750373890136016E-03,9.956463749471430E-01,-2.238597027532914E-04
2332404.5,1673-Oct-21,8.360418323534639E-01,5.402788787663260E-01,4.623532172693039E-04,-9.584207275975028E-03,1.442109281167654E-02,1.024482547092426E-05,5.749085168198280E-03,9.954232396606145E-01,-2.223994902221693E-04
2332405.5,1673-Oct-22,8.263320038495485E-01,5.546182634038093E-01,4.725303991420650E-04,-9.834995797140655E-03,1.425693338104242E-02,1.010901203854807E-05,5.747805076526442E-03,9.952015986583048E-01,-2.208712035093468E-04
2332406.5,1673-Oct-23,8.163727621986148E-01,5.687912666497242E-01,4.825701950702143E-04,-1.008302002082088E-02,1.408833736668054E-02,9.970059807444056E-06,5.746534007067038E-03,9.949815198036529E-01,-2.192752672511534E-04
2332407.5,1673-Oct-24,8.061669122400440E-01,5.827934741960873E-01,4.924694850811846E-04,-1.032819896998436E-02,1.391534958116945E-02,9.828006578566315E-06,5.745272349259669E-03,9.947630705260354E-01,-2.176121249278733E-04
2332408.5,1673-Oct-25,7.957173394645233E-01,5.966205173295532E-01,5.022251874485611E-04,-1.057045232451211E-02,1.373801639996314E-02,9.682891044002640E-06,5.744020489927758E-03,9.945463178018518E-01,-2.158822391019857E-04
2332409.5,1673-Oct-26,7.850270093406625E-01,6.102680744903971E-01,5.118342595936351E-04,-1.080970045422623E-02,1.355638575344660E-02,9.534752815499533E-06,5.742778813166244E-03,9.943313281350792E-01,-2.140860922393105E-04
2332410.5,1673-Oct-27,7.740989666083226E-01,6.237318728230964E-01,5.212936990363115E-04,-1.104586445243302E-02,1.337050711809977E-02,9.383632493435610E-06,5.741547700222981E-03,9.941181675367374E-01,-2.122241880473423E-04
2332411.5,1673-Oct-28,7.629363345381716E-01,6.370076897176977E-01,5.306005444320308E-04,-1.127886616990489E-02,1.318043150693913E-02,9.229571766101036E-06,5.740327529371341E-03,9.939069015028306E-01,-2.102970531388098E-04
2332412.5,1673-Oct-29,7.515423141571064E-01,6.500913543413488E-01,5.397518767145716E-04,-1.150862824912960E-02,1.298621145943650E-02,9.072613520306321E-06,5.739118675772988E-03,9.936975949905869E-01,-2.083052387162902E-04
2332413.5,1673-Oct-30,7.399201834393961E-01,6.629787491595659E-01,5.487448203453613E-04,-1.173507415857012E-02,1.278790103110025E-02,8.912801937864032E-06,5.737921511331737E-03,9.934903123931557E-01,-2.062493219098080E-04
2332414.5,1673-Oct-31,7.280732964636860E-01,6.756658114469672E-01,5.575765446405543E-04,-1.195812822663206E-02,1.258555578283709E-02,8.750182551283568E-06,5.736736404541556E-03,9.932851175132899E-01,-2.041299064148087E-04
2332415.5,1673-Nov-01,7.160050825362998E-01,6.881485347872646E-01,5.662442651250058E-04,-1.217771567506057E-02,1.237923277009353E-02,8.584802238827695E-06,5.735563720333512E-03,9.930820735368454E-01,-2.019476221997324E-04
2332416.5,1673-Nov-02,7.037190452814992E-01,7.004229705622259E-01,5.747452448488909E-04,-1.239376265162424E-02,1.216899053161299E-02,8.416709157731575E-06,5.734403819927136E-03,9.928812430070446E-01,-1.997031242995980E-04
2332417.5,1673-Nov-03,6.912187616994223E-01,7.124852294290941E-01,5.830767956118893E-04,-1.260619626205163E-02,1.195488907756983E-02,8.245952624493933E-06,5.733257060690877E-03,9.926826878003168E-01,-1.973970908811582E-04
2332418.5,1673-Nov-04,6.785078811924489E-01,7.243314827857303E-01,5.912362790460240E-04,-1.281494460132165E-02,1.173698987678529E-02,8.072582963847585E-06,5.732123796015230E-03,9.924864691043292E-01,-1.950302209350458E-04
2332419.5,1673-Nov-05,6.655901245604706E-01,7.359579642223573E-01,5.992211075507331E-04,-1.301993678454682E-02,1.151535584272389E-02,7.896651361554609E-06,5.731004375198877E-03,9.922926473982739E-01,-1.926032320704971E-04
2332420.5,1673-Nov-06,6.524692829653824E-01,7.473609709586119E-01,6.070287450923744E-04,-1.322110297775000E-02,1.129005131804423E-02,7.718209751732352E-06,5.729899143346324E-03,9.921012824351437E-01,-1.901168588753283E-04
2332421.5,1673-Nov-07,6.391492168647254E-01,7.585368652643824E-01,6.146567079195108E-04,-1.341837442879053E-02,1.106114205764095E-02,7.537310760933472E-06,5.728808441272530E-03,9.919124332252198E-01,-1.875718521327069E-04
2332422.5,1673-Nov-08,6.256338549142592E-01,7.694820758629632E-01,6.221025652544894E-04,-1.361168349861427E-02,1.082869521025713E-02,7.354007716219505E-06,5.727732605409344E-03,9.917261580198704E-01,-1.849689789912043E-04
2332423.5,1673-Nov-09,6.119271928390809E-01,7.801930993151857E-01,6.293639400221750E-04,-1.380096369290841E-02,1.059277929886584E-02,7.168354711019032E-06,5.726671967708361E-03,9.915425142947336E-01,-1.823090239920283E-04
2332424.5,1673-Nov-10,5.980332922729226E-01,7.906665013834393E-01,6.364385096654411E-04,-1.398614969405347E-02,1.035346420012600E-02,6.980406705317106E-06,5.725626855536157E-03,9.913615587315738E-01,-1.795927906187658E-04
2332425.5,1673-Nov-11,5.839562795654393E-01,8.008989183748103E-01,6.433240070649513E-04,-1.416717739315683E-02,1.011082112320176E-02,6.790219631549386E-06,5.724597591560034E-03,9.911833471985033E-01,-1.768211029594572E-04
2332426.5,1673-Nov-12,5.697003445575258E-01,8.108870584628119E-01,6.500182215572045E-04,-1.434398392191312E-02,9.864922588151666E-03,6.597850480748609E-06,5.723584493624775E-03,9.910079347286398E-01,-1.739948071112473E-04
2332427.5,1673-Nov-13,5.552697393249625E-01,8.206277029873338E-01,6.565190000212088E-04,-1.451650768405405E-02,9.615842403985969E-03,6.403357351475392E-06,5.722587874622668E-03,9.908353754976035E-01,-1.711147720693625E-04
2332428.5,1673-Nov-14,5.406687768908934E-01,8.301177077324844E-01,6.628242479921506E-04,-1.468468838620612E-02,9.363655646389905E-03,6.206799454019934E-06,5.721608042360205E-03,9.906657228004372E-01,-1.681818899802866E-04
2332429.5,1673-Nov-15,5.259018299077923E-01,8.393540041819635E-01,6.689319307565356E-04,-1.484846706805058E-02,9.108438635038850E-03,6.008237071758236E-06,5.720645299425189E-03,9.904990290285943E-01,-1.651970757676432E-04
2332430.5,1673-Nov-16,5.109733293096320E-01,8.483336007514977E-01,6.748400743918488E-04,-1.500778613175122E-02,8.850268910396475E-03,5.807731488308376E-06,5.719699943057548E-03,9.903353456475725E-01,-1.621612662296839E-04
2332431.5,1673-Nov-17,4.958877629349911E-01,8.570535839977733E-01,6.805467667199529E-04,-1.516258937065664E-02,8.589225209888965E-03,5.605344891727953E-06,5.718772265026591E-03,9.901747231756626E-01,-1.590754187431878E-04
2332432.5,1673-Nov-18,4.806496741218222E-01,8.655111198031927E-01,6.860501581575929E-04,-1.531282199726495E-02,8.325387443373774E-03,5.401140264259753E-06,5.717862551516587E-03,9.900172111641341E-01,-1.559405096870263E-04
2332433.5,1673-Nov-19,4.652636602746249E-01,8.737034545357132E-01,6.913484624536452E-04,-1.545843067048574E-02,8.058836667806728E-03,5.195181270899126E-06,5.716971083021953E-03,9.898628581790899E-01,-1.527575327429477E-04
2332434.5,1673-Nov-20,4.497343714046672E-01,8.816279161829055E-01,6.964399573217285E-04,-1.559936352222917E-02,7.789655061001712E-03,4.987532160826037E-06,5.716098134252105E-03,9.897117117849912E-01,-1.495274972390459E-04
2332435.5,1673-Nov-21,4.340665086439777E-01,8.892819154592920E-01,7.013229849818231E-04,-1.573557018334940E-02,7.517925894438595E-03,4.778257685474146E-06,5.715243974045565E-03,9.895638185297849E-01,-1.462514266482224E-04
2332436.5,1673-Nov-22,4.182648227336809E-01,8.966629468859614E-01,7.059959526355511E-04,-1.586700180896992E-02,7.243733504943641E-03,4.567423053637048E-06,5.714408865291748E-03,9.894192239313622E-01,-1.429303574680474E-04
2332437.5,1673-Nov-23,4.023341124872845E-01,9.037685898412470E-01,7.104573329194928E-04,-1.599361110330244E-02,6.967163265158480E-03,4.355093929284066E-06,5.713593064857634E-03,9.892779724648624E-01,-1.395653386636333E-04
2332438.5,1673-Nov-24,3.862792232293464E-01,9.105965095812638E-01,7.147056643770303E-04,-1.611535234407998E-02,6.688301552767580E-03,4.141336472744752E-06,5.712796823515780E-03,9.891401075502069E-01,-1.361574317901810E-04
2332439.5,1673-Nov-25,3.701050452098602E-01,9.171444582290346E-01,7.187395519935916E-04,-1.623218140670627E-02,6.407235718466778E-03,3.926217424906091E-06,5.712020385869401E-03,9.890056715391299E-01,-1.327077118705851E-04
2332440.5,1673-Nov-26,3.538165119945844E-01,9.234102757310273E-01,7.225576678305071E-04,-1.634405578823015E-02,6.124054052860041E-03,3.709804214610901E-06,5.711263990270517E-03,9.888747057010049E-01,-1.292172688907228E-04
2332441.5,1673-Nov-27,3.374185988314811E-01,9.293918907801928E-01,7.261587517644998E-04,-1.645093463114307E-02,5.838845752632111E-03,3.492165057883149E-06,5.710527868728481E-03,9.887472502070054E-01,-1.256872095509652E-04
2332442.5,1673-Nov-28,3.209163209934974E-01,9.350873217049844E-01,7.295416123084564E-04,-1.655277874685612E-02,5.551700886410256E-03,3.273369016122143E-06,5.709812246808825E-03,9.886233441125931E-01,-1.221186587793211E-04
2332443.5,1673-Nov-29,3.043147320981362E-01,9.404946773242429E-01,7.327051274597400E-04,-1.664955063859987E-02,5.262710360677495E-03,3.053485988878434E-06,5.709117343525271E-03,9.885030253388181E-01,-1.185127605234646E-04
2332444.5,1673-Nov-30,2.876189224045406E-01,9.456121577681113E-01,7.356482455032798E-04,-1.674121452344380E-02,4.971965885941048E-03,2.832586633374070E-06,5.708443371230054E-03,9.883863306533298E-01,-1.148706775007323E-04
2332445.5,1673-Dec-01,2.708340170891160E-01,9.504380552652468E-01,7.383699857033500E-04,-1.682773635316618E-02,4.679559943131689E-03,2.610742223220488E-06,5.707790535508897E-03,9.882732956521935E-01,-1.111935898572460E-04
2332446.5,1673-Dec-02,2.539651745009305E-01,9.549707548964511E-01,7.408694388346303E-04,-1.690908383380943E-02,4.385585749980068E-03,2.388024476912963E-06,5.707159035086352E-03,9.881639547434986E-01,-1.074826929868185E-04
2332447.5,1673-Dec-03,2.370175843982330E-01,9.592087353145019E-01,7.431457675433850E-04,-1.698522644389835E-02,4.090137226983108E-03,2.164505394064424E-06,5.706549061745077E-03,9.880583411333823E-01,-1.037391949669169E-04
2332448.5,1673-Dec-04,2.199964661673831E-01,9.631505694296134E-01,7.451982065599765E-04,-1.705613545142157E-02,3.793308962664496E-03,1.940257124029235E-06,5.705960800259945E-03,9.879564868146229E-01,-9.996431403016421E-05
2332449.5,1673-Dec-05,2.029070670253612E-01,9.667949250597069E-01,7.470260628024083E-04,-1.712178392971037E-02,3.495196177830583E-03,1.715351888297597E-06,5.705394428345814E-03,9.878584225575935E-01,-9.615927649459856E-05
2332450.5,1673-Dec-06,1.857546602068798E-01,9.701405655442841E-01,7.486287154412696E-04,-1.718214677239880E-02,3.195894688602889E-03,1.489861970041562E-06,5.704850116614754E-03,9.877641779028586E-01,-9.232531549246923E-05
2332451.5,1673-Dec-07,1.685445431369186E-01,9.731863503208044E-01,7.500056159739927E-04,-1.723720070762698E-02,2.895500868321865E-03,1.263859751788784E-06,5.704328028538549E-03,9.876737811546806E-01,-8.846367049393987E-05
2332452.5,1673-Dec-08,1.512820355893867E-01,9.759312354623922E-01,7.511562883611671E-04,-1.728692431161051E-02,2.594111608370832E-03,1.037417791321616E-06,5.703828320411495E-03,9.875872593745777E-01,-8.457558762494927E-05
2332453.5,1673-Dec-09,1.339724778325016E-01,9.783742741759327E-01,7.520803292457767E-04,-1.733129802163400E-02,2.291824278162138E-03,8.106089099726469E-07,5.703351141309619E-03,9.875046383742635E-01,-8.066232054797917E-05
2332454.5,1673-Dec-10,1.166212287614647E-01,9.805146172598413E-01,7.527774082574031E-04,-1.737030414846436E-02,1.988736684546247E-03,5.835062708189304E-07,5.702896633043852E-03,9.874259427075396E-01,-7.672513162631375E-05
2332455.5,1673-Dec-11,9.923366401903251E-02,9.823515135210689E-01,7.532472683816721E-04,-1.740392688812941E-02,1.684947030912544E-03,3.561834279113267E-07,5.702464930106392E-03,9.873511956610090E-01,-7.276529306917823E-05
2332456.5,1673-Dec-12,8.181517410466736E-02,9.838843101511442E-01,7.534897263594830E-04,-1.743215233296414E-02,1.380553876198614E-03,1.287143360232284E-07,5.702056159611147E-03,9.872804192437616E-01,-6.878408780503382E-05
2332457.5,1673-Dec-13,6.437116247305319E-02,9.851124530612471E-01,7.535046730750813E-04,-1.745496848181521E-02,1.075656093954568E-03,-9.882668165154722E-08,5.701670441230326E-03,9.872136341763987E-01,-6.478280991206897E-05
2332458.5,1673-Dec-14,4.690704362287081E-02,9.860354871764058E-01,7.532920738924365E-04,-1.747236524930258E-02,7.703528315398586E-04,-3.263650039157120E-07,5.701307887130074E-03,9.871508598798860E-01,-6.076276452224235E-05
2332459.5,1673-Dec-15,2.942824117681876E-02,9.866530566889695E-01,7.528519689046096E-04,-1.748433447405397E-02,4.647434694740097E-04,-5.538258115818968E-07,5.700968601908196E-03,9.870921144647721E-01,-5.672526719056211E-05
2332460.5,1673-Dec-16,1.194018595394108E-02,9.869649052715016E-01,7.521844730741516E-04,-1.749086992584710E-02,1.589275809254841E-04,-7.811342060744932E-07,5.700652682536967E-03,9.870374147212861E-01,-5.267164277593493E-05
2332461.5,1673-Dec-17,-5.551685964619542E-03,9.869708762492193E-01,7.512897762495388E-04,-1.749196731160957E-02,-1.469951086968748E-04,-1.008215334806093E-06,5.700360218313647E-03,9.869867761107691E-01,-4.860322391385989E-05
2332462.5,1673-Dec-18,-2.304193517527997E-02,9.866709127320540E-01,7.501681430582429E-04,-1.748762428023472E-02,-4.529247620956129E-04,-1.234994511647751E-06,5.700091290820730E-03,9.869402127587918E-01,-4.452134918256150E-05
2332463.5,1673-Dec-19,-4.052512089588159E-02,9.860650577063671E-01,7.488199126860997E-04,-1.747784042617215E-02,-7.587614704407996E-04,-1.461397320619398E-06,5.699845973897396E-03,9.868977374502126E-01,-4.042736108861438E-05
2332464.5,1673-Dec-20,-5.799580291251401E-02,9.851534540862634E-01,7.472454985681254E-04,-1.746261729174650E-02,-1.064405293833658E-03,-1.687349688738835E-06,5.699624333622698E-03,9.868593616262642E-01,-3.632260404819187E-05
2332465.5,1673-Dec-21,-7.544854352800663E-02,9.839363447243322E-01,7.454453880258926E-04,-1.744195836816858E-02,-1.369756302014866E-03,-1.912777916164025E-06,5.699426428309905E-03,9.868250953835761E-01,-3.220842257999256E-05
2332466.5,1673-Dec-22,-9.287790951077451E-02,9.824140723814870E-01,7.434201419000773E-04,-1.741586909525917E-02,-1.674714615512383E-03,-2.137608659416667E-06,5.699252308510066E-03,9.867949474747917E-01,-2.808615998044678E-05
2332467.5,1673-Dec-23,-1.102784740427606E-01,9.805870796553401E-01,7.411703942243405E-04,-1.738435685987459E-02,-1.979180447414837E-03,-2.361768857036467E-06,5.699102017021133E-03,9.867689253101464E-01,-2.395715773621574E-05
2332468.5,1673-Dec-24,-1.276448186652173E-01,9.784559088664225E-01,7.386968519969776E-04,-1.734743099326921E-02,-2.283054145970332E-03,-2.585185623571373E-06,5.698975588897841E-03,9.867470349591796E-01,-1.982275590291198E-05
2332469.5,1673-Dec-25,-1.449715352214168E-01,9.760212019014002E-01,7.360002950616372E-04,-1.730510276757504E-02,-2.586236237935111E-03,-2.807786135658861E-06,5.698873051456683E-03,9.867292811515945E-01,-1.568429436288988E-05
2332470.5,1673-Dec-26,-1.622532277954790E-01,9.732837000126702E-01,7.330815760925298E-04,-1.725738539162010E-02,-2.888627472421112E-03,-3.029497545572701E-06,5.698794424271785E-03,9.867156672765472E-01,-1.154311466000316E-05
2332471.5,1673-Dec-27,-1.794845146467966E-01,9.702442435740547E-01,7.299416206336726E-04,-1.720429400632121E-02,-3.190128864735723E-03,-3.250246966691792E-06,5.698739719159880E-03,9.867061953800408E-01,-7.400561817330999E-06
2332472.5,1673-Dec-28,-1.966600301396428E-01,9.669037717929228E-01,7.265814271086517E-04,-1.714584567963559E-02,-3.490641739603028E-03,-3.469961545091482E-06,5.698708940156470E-03,9.867008661608013E-01,-3.257985467568360E-06
2332473.5,1673-Dec-29,-2.137744266674355E-01,9.632633223795896E-01,7.230020667208648E-04,-1.708205940088410E-02,-3.790067773338185E-03,-3.688568603399101E-06,5.698702083488604E-03,9.866996789655627E-01,8.832601341395684E-07
2332474.5,1673-Dec-30,-2.308223765709008E-01,9.593240311751313E-01,7.192046831872677E-04,-1.701295607417564E-02,-4.088309034839794E-03,-3.905995823714549E-06,5.698719137551026E-03,9.867026317849362E-01,5.021817288446256E-06
2332475.5,1673-Dec-31,-2.477985740490957E-01,9.550871317387523E-01,7.151904922861546E-04,-1.693855851066412E-02,-4.385268025541083E-03,-4.122171428999797E-06,5.698760082892050E-03,9.867097212509677E-01,9.156326969982788E-06
2332476.5,1674-Jan-01,-2.646977370620188E-01,9.505539548955908E-01,7.109607812402348E-04,-1.685889141944020E-02,-4.680847718638574E-03,-4.337024327371604E-06,5.698824892213327E-03,9.867209426370939E-01,1.328543143613198E-05
