JDTDB,TDB,X,Y,Z,VX,VY,VZ,LT,RG,RR,Notes
2331457.5,1671-Mar-19,-9.962046718891198E-01,-5.381807684618847E-02,-7.677687102914119E-05,6.378505960032187E-04,-1.723431066240995E-02,-1.286060536737401E-05,5.761988173249161E-03,9.976573257305430E-01,2.927745747751148E-04,
2331496.5,1671-Apr-27,-7.580811299587571E-01,-6.656365555423305E-01,-5.187980257122254E-04,1.105967616390272E-02,-1.298671621279865E-02,-8.911211217243863E-06,5.826577197366541E-03,1.008840568586135E+00,2.580247817227679E-04,
2331503.5,1671-May-04,-6.754906475083123E-01,-7.516733125726585E-01,-5.804988928804720E-04,1.251120361980464E-02,-1.156651524788575E-02,-8.639268620266802E-06,5.836705566659700E-03,1.010594241366988E+00,2.404969296157704E-04,
2331676.5,1671-Oct-24,8.115854613496499E-01,5.725554685899102E-01,4.798588817990115E-04,-1.019569950386893E-02,1.400304813026974E-02,1.009402399297403E-05,5.736374818295188E-03,9.932225107954824E-01,-2.589096151306316E-04,
2331747.5,1672-Jan-03,-2.892501434641466E-01,9.398041088207004E-01,6.916938294972273E-04,-1.672685928244922E-02,-5.129129940513848E-03,-5.359351241866081E-06,5.679122965168416E-03,9.833096597159280E-01,1.816858725644643E-05,
2331754.5,1672-Jan-10,-4.037979767212422E-01,8.968288682374832E-01,6.488931021903248E-04,-1.595963859419386E-02,-7.130552555421163E-03,-6.581604756243971E-06,5.680465967055400E-03,9.835421932843308E-01,5.040975865812604E-05,
2331756.5,1672-Jan-12,-4.354575759545126E-01,8.820163157052975E-01,6.356407737199449E-04,-1.569697836539104E-02,-7.680299825140163E-03,-6.661558919953101E-06,5.681115507498915E-03,9.836546577258303E-01,6.223135191013314E-05,
2331786.5,1672-Feb-11,-8.256356646893083E-01,5.420487994341414E-01,3.589816869017623E-04,-9.709108210154966E-03,-1.443918876258385E-02,-1.093757657252414E-05,5.704304002648272E-03,9.876696212007340E-01,1.918021437676705E-04,
2331795.5,1672-Feb-20,-9.024853695378428E-01,4.059469981473831E-01,2.575724609675656E-04,-7.335386207090391E-03,-1.574627954439180E-02,-1.195298004174020E-05,5.715349971166704E-03,9.895821713623890E-01,2.303201761417170E-04,
2331811.5,1672-Mar-07,-9.833725567896496E-01,1.414677803535581E-01,4.954516387453096E-05,-2.715424709421480E-03,-1.708608040792371E-02,-1.284386736169626E-05,5.737955577415193E-03,9.934962107526623E-01,2.548008033960363E-04,
2331818.5,1672-Mar-14,-9.951124962552990E-01,2.115492059923110E-02,-3.769446318787035E-05,-6.387228239973041E-04,-1.724898603269947E-02,-1.229696561721745E-05,5.748589029608969E-03,9.953373359268126E-01,2.719686960598554E-04,
2331827.5,1672-Mar-23,-9.888557649863098E-01,-1.337457159457022E-01,-1.513835843488530E-04,2.026263465457138E-03,-1.710620432757748E-02,-1.304493212316582E-05,5.763156070760783E-03,9.978595409161943E-01,2.848108364374917E-04,
2331832.5,1672-Mar-28,-9.750549195427107E-01,-2.186868379060232E-01,-2.170029499010092E-04,3.490603030720922E-03,-1.684829508970019E-02,-1.306652219532047E-05,5.771347121231973E-03,9.992777773412445E-01,2.811766276044109E-04,
2331841.5,1672-Apr-06,-9.320764255088849E-01,-3.670608514022147E-01,-3.269926317762548E-04,6.033157488533255E-03,-1.605668652119735E-02,-1.119240896278847E-05,5.785617347857570E-03,1.001748590488512E+00,2.699487886759270E-04,
2331848.5,1672-Apr-13,-8.832904807671508E-01,-4.765368489429344E-01,-4.020356481124033E-04,7.887035971635911E-03,-1.518836408794608E-02,-1.047622225343562E-05,5.796530727129480E-03,1.003638183533781E+00,2.702922070116985E-04,
2331857.5,1672-Apr-22,-8.021969161010718E-01,-6.071299294463407E-01,-4.961242733316783E-04,1.009960552551330E-02,-1.377707016459494E-02,-1.032589073904998E-05,5.810432337348772E-03,1.006045172728781E+00,2.610264038308060E-04,
2331864.5,1672-Apr-29,-7.259443474875641E-01,-6.990398827822932E-01,-5.641449088144224E-04,1.165915953996751E-02,-1.244978963161756E-02,-8.805163399746937E-06,5.820542822482981E-03,1.007795748963502E+00,2.371546892204540E-04,
2332077.5,1672-Nov-28,3.175505931138717E-01,9.348952919312058E-01,7.141035374487579E-04,-1.657592484712278E-02,5.472422917520872E-03,2.551505370351464E-06,5.702481637541317E-03,9.873540884636922E-01,-1.494403327570968E-04,
2332145.5,1673-Feb-04,-7.599545754209980E-01,6.308110806375480E-01,4.294583133994094E-04,-1.124518621553997E-02,-1.330825523112338E-02,-9.870417597428338E-06,5.704194300063876E-03,9.876506267870554E-01,1.527175796701316E-04,
2332147.5,1673-Feb-06,-7.819755097091732E-01,6.038127131762282E-01,4.092916677197067E-04,-1.077350589593562E-02,-1.368753588193219E-02,-1.031283053857050E-05,5.706012355400641E-03,9.879654133105209E-01,1.618532021998161E-04,
2332154.5,1673-Feb-13,-8.513414403321413E-01,5.036888716096454E-01,3.309417077554687E-04,-9.019379937129906E-03,-1.488344765200419E-02,-1.201454705558942E-05,5.713049890406957E-03,9.891839247241215E-01,1.839303818203459E-04,
2332168.5,1673-Feb-27,-9.508827387492466E-01,2.824242821976659E-01,1.569673850166389E-04,-5.138529148519463E-03,-1.655636483333880E-02,-1.206882726205018E-05,5.728957519896123E-03,9.919382453887412E-01,2.119258155370258E-04,
2332170.5,1673-Mar-01,-9.605826574070839E-01,2.491515736937056E-01,1.329278161459680E-04,-4.560820728994705E-03,-1.671310652121338E-02,-1.199355226958806E-05,5.731443412704570E-03,9.923686643859274E-01,2.186152367091676E-04,
2332184.5,1673-Mar-15,-9.956478362364144E-01,1.016225759760962E-02,-4.527850116616195E-05,-4.244367708553747E-04,-1.726460541418489E-02,-1.346133092679314E-05,5.750681854735284E-03,9.956996973645602E-01,2.482101733527923E-04,
2332186.5,1673-Mar-17,-9.958980016091319E-01,-2.436641372028948E-02,-7.218665293060896E-05,1.742443954573502E-04,-1.726043954734098E-02,-1.342392211914152E-05,5.753548510511713E-03,9.961960434259733E-01,2.479896767662227E-04,
2332193.5,1673-Mar-24,-9.873738887297746E-01,-1.446917232577184E-01,-1.630462420396729E-04,2.254857717608190E-03,-1.707388948058253E-02,-1.234885735990771E-05,5.763501176287265E-03,9.979192940858107E-01,2.445737579896647E-04,
2332218.5,1673-Apr-18,-8.432481453874195E-01,-5.451976149152408E-01,-4.520070646181960E-04,9.087643025143975E-03,-1.449082474570254E-02,-1.036676333880463E-05,5.799460435393071E-03,1.004145446794923E+00,2.362502854777327E-04,
2332228.5,1673-Apr-28,-7.406074887013979E-01,-6.814092913686298E-01,-5.429087856513402E-04,1.138246076713339E-02,-1.269066188023425E-02,-8.231725470969570E-06,5.812416827138881E-03,1.006388776484535E+00,2.162223079003922E-04,
2332232.5,1673-May-02,-6.934162739180890E-01,-7.305611521066324E-01,-5.754753896335691E-04,1.220426918541627E-02,-1.187700697259068E-02,-8.078370310525304E-06,5.817372188424627E-03,1.007246770694124E+00,2.127042629139509E-04,
2332241.5,1673-May-11,-5.759463648423299E-01,-8.285868006760967E-01,-6.450855374959808E-04,1.385155501762052E-02,-9.864763499467138E-03,-7.070396836801253E-06,5.828040943017310E-03,1.009094008289166E+00,1.942976839005221E-04,
2332248.5,1673-May-18,-4.751483829210694E-01,-8.916588226871269E-01,-6.873086444323697E-04,1.491203881123949E-02,-8.133268823271419E-03,-4.850678854003346E-06,5.835337223487143E-03,1.010357320091003E+00,1.649645199165105E-04,
2332326.5,1673-Aug-04,7.356694988902093E-01,-6.946589668028830E-01,-4.682334513289557E-04,1.155553456974137E-02,1.242174909210488E-02,9.677759938085051E-06,5.843731298209013E-03,1.011810709075361E+00,-1.263374603376674E-04,
2332461.5,1673-Dec-17,-5.583748454380555E-03,9.869675254326422E-01,7.489909225655036E-04,-1.749088969517918E-02,-1.537956711673599E-04,-1.372722177472918E-06,5.700341900444958E-03,9.869836044701235E-01,-5.484147112921224E-05,
