JDTDB,TDB,X,Y,Z,VX,VY,VZ,LT,RG,RR,Notes
2331676.5,1671-Oct-24,-5.000432164630930E+00,2.037466471528272E+00,1.046572604433107E-01,-2.928399529594051E-03,-6.640336640624646E-03,9.195148083507384E-05,3.119129864940726E-02,5.400605947284151E+00,2.080180140492635E-04,
2331747.5,1672-Jan-03,-5.184389738202994E+00,1.557103852693015E+00,1.106813634438677E-01,-2.250779380299069E-03,-6.880076028266862E-03,7.761990829721330E-05,3.127042903164537E-02,5.414306948250140E+00,1.781420444473787E-04,
2331754.5,1672-Jan-10,-5.199907048840429E+00,1.508875391522464E+00,1.112197294388923E-01,-2.182959078935688E-03,-6.899516430665283E-03,7.618877343846534E-05,3.127756899476018E-02,5.415543194540961E+00,1.752635713398099E-04,
2331756.5,1672-Jan-12,-5.204253564186292E+00,1.495071814776195E+00,1.113717270570703E-01,-2.164360864021709E-03,-6.904944718516754E-03,7.576827936359635E-05,3.127959013749934E-02,5.415893144558115E+00,1.752126432942101E-04,
2331786.5,1672-Feb-11,-5.264789807025716E+00,1.286719587688469E+00,1.135509477874944E-01,-1.871993785640132E-03,-6.983547341032796E-03,6.946362921493685E-05,3.130871828390444E-02,5.420936526767908E+00,1.619045533548124E-04,
2331795.5,1672-Feb-20,-5.281238364260217E+00,1.223779019735267E+00,1.141678493639226E-01,-1.783476935684690E-03,-7.004712735969923E-03,6.756481580016353E-05,3.131702483121229E-02,5.422374760850316E+00,1.575804138143716E-04,
2331811.5,1672-Mar-07,-5.308516636914897E+00,1.111435987858735E+00,1.152221492115973E-01,-1.625932848904770E-03,-7.039013744667602E-03,6.417756739437717E-05,3.133127668288781E-02,5.424842392473601E+00,1.502851147231521E-04,
2331818.5,1672-Mar-14,-5.319659437157555E+00,1.062115774407169E+00,1.156662068552688E-01,-1.556643046592647E-03,-7.053054114932131E-03,6.268325054019209E-05,3.133730737407348E-02,5.425886574283715E+00,1.468702234720039E-04,
2331827.5,1672-Mar-23,-5.333276298379644E+00,9.985669649994608E-01,1.162218176791464E-01,-1.468928372452094E-03,-7.069549212826747E-03,6.076164167109728E-05,3.134488230256217E-02,5.427198132494423E+00,1.440604121689293E-04,
2331832.5,1672-Mar-28,-5.340497141856170E+00,9.631938960621920E-01,1.165228698362544E-01,-1.418911375803740E-03,-7.079562972820541E-03,5.966252262589734E-05,3.134900584426448E-02,5.427912101607787E+00,1.410583551914333E-04,
2331841.5,1672-Apr-06,-5.352868165753006E+00,8.994158307038588E-01,1.170513409850795E-01,-1.330529016558257E-03,-7.093866485107531E-03,5.774650516987081E-05,3.135624988358005E-02,5.429166368134160E+00,1.378793453449997E-04,
2331848.5,1672-Apr-13,-5.361938480924433E+00,8.497152217557570E-01,1.174501846249812E-01,-1.260958139945951E-03,-7.105587489509751E-03,5.622007105592953E-05,3.136175311495030E-02,5.430119223108282E+00,1.344458844799794E-04,
2331857.5,1672-Apr-22,-5.372884845639259E+00,7.857042232717382E-01,1.179474233067628E-01,-1.172188564132070E-03,-7.119596297374064E-03,5.424329368638651E-05,3.136863364264180E-02,5.431310549548033E+00,1.308220444881981E-04,
2331864.5,1672-Apr-29,-5.380844723208948E+00,7.358350293912789E-01,1.183219295498840E-01,-1.102706905345495E-03,-7.129859587191005E-03,5.270401105924973E-05,3.137384848749549E-02,5.432213471944677E+00,1.276330979705287E-04,
