JDTDB,TDB,X,Y,Z,VX,VY,VZ,LT,RG,RR
2332111.5,1673-Jan-01,-5.349249726701802E+00,-1.033163748316153E+00,1.245376148196745E-01,1.351510089645546E-03,-7.060547469067756E-03,-2.772859182222441E-06,3.147387756380190E-02,5.449532969618494E+00,1.188934643160003E-05
2332112.5,1673-Jan-02,-5.347893341791566E+00,-1.040223874782910E+00,1.245347097274296E-01,1.361735461168449E-03,-7.059216986785985E-03,-3.013079909099920E-06,3.147394550438433E-02,5.449544733165683E+00,1.107887186691754E-05
2332113.5,1673-Jan-03,-5.346527090154208E+00,-1.047281715161253E+00,1.245315916291894E-01,1.370595446277746E-03,-7.057110107141667E-03,-3.249407725555249E-06,3.147400974786351E-02,5.449555856579288E+00,1.146002383512805E-05
2332114.5,1673-Jan-04,-5.345151185282809E+00,-1.054338113396960E+00,1.245282251000973E-01,1.381055169026444E-03,-7.055025601942665E-03,-3.461461425011394E-06,3.147407243358247E-02,5.449566710275072E+00,1.027653440845760E-05
2332115.5,1673-Jan-05,-5.343765972071343E+00,-1.061392294959694E+00,1.245246363338835E-01,1.389824880531748E-03,-7.054028063731121E-03,-3.733961912432814E-06,3.147413465689929E-02,5.449577483908406E+00,1.095996184605531E-05
2332116.5,1673-Jan-06,-5.342370522782265E+00,-1.068445475777285E+00,1.245207959536418E-01,1.400621100023762E-03,-7.051841743755791E-03,-3.937084897438670E-06,3.147419252932687E-02,5.449587504208619E+00,9.428471361293369E-06
2332117.5,1673-Jan-07,-5.340965053892701E+00,-1.075496643348281E+00,1.245167313936325E-01,1.410946791427703E-03,-7.050477923256527E-03,-4.182418584362452E-06,3.147424614876199E-02,5.449596788126020E+00,8.519355699098432E-06
2332118.5,1673-Jan-08,-5.339548895799902E+00,-1.082545257211350E+00,1.245124700857448E-01,1.420545817486370E-03,-7.046928568730682E-03,-4.358231643319711E-06,3.147429110922193E-02,5.449604572788341E+00,7.890956863487081E-06
2332119.5,1673-Jan-09,-5.338123654646377E+00,-1.089591613314181E+00,1.245079802244056E-01,1.430520752499704E-03,-7.045443397125666E-03,-4.600740149087416E-06,3.147433682572470E-02,5.449612488355419E+00,7.300801924578716E-06
2332120.5,1673-Jan-10,-5.336688549924732E+00,-1.096635475655180E+00,1.245032811572219E-01,1.439336894666160E-03,-7.042862984501166E-03,-4.823996418291103E-06,3.147437860269628E-02,5.449619721813818E+00,7.626233108496760E-06
2332121.5,1673-Jan-11,-5.335244073406489E+00,-1.103677639106580E+00,1.244983354577280E-01,1.449636666091267E-03,-7.040799543304173E-03,-5.042331539369764E-06,3.147442013474006E-02,5.449626912864281E+00,6.602254560224674E-06
2332122.5,1673-Jan-12,-5.333790367211630E+00,-1.110717339893792E+00,1.244931725378980E-01,1.458033362841833E-03,-7.039393907750315E-03,-5.307660619936046E-06,3.147446133504450E-02,5.449634046475862E+00,7.573316303578005E-06
2332123.5,1673-Jan-13,-5.332326840495274E+00,-1.117756027212055E+00,1.244877511785646E-01,1.468710693252103E-03,-7.037383328078617E-03,-5.519254031089921E-06,3.147450056344855E-02,5.449640838663470E+00,6.192169665378290E-06
2332124.5,1673-Jan-14,-5.330853459735568E+00,-1.124792667455777E+00,1.244821041580989E-01,1.478650970726628E-03,-7.036065403497413E-03,-5.772346694008898E-06,3.147453642580672E-02,5.449647048038302E+00,5.674601752876496E-06
2332125.5,1673-Jan-15,-5.329369487143754E+00,-1.131826996844042E+00,1.244762494962387E-01,1.488460904710638E-03,-7.032566451608294E-03,-5.947792246955756E-06,3.147456444140523E-02,5.449651898788815E+00,4.835185857079816E-06
2332126.5,1673-Jan-16,-5.327876509428654E+00,-1.138858986376867E+00,1.244701671545593E-01,1.498168064651526E-03,-7.031248008806981E-03,-6.201082626957554E-06,3.147459353019702E-02,5.449656935356985E+00,4.545917650225312E-06
2332127.5,1673-Jan-17,-5.326373609637718E+00,-1.145888664655599E+00,1.244638690382854E-01,1.507148184365053E-03,-7.028572602923539E-03,-6.419676751327591E-06,3.147461854285185E-02,5.449661266163917E+00,4.684390520859850E-06
2332128.5,1673-Jan-18,-5.324861395013117E+00,-1.152916664642250E+00,1.244573207920461E-01,1.517493966627710E-03,-7.026793080645054E-03,-6.650188274684828E-06,3.147464367081319E-02,5.449665616935555E+00,3.676213991850949E-06
2332129.5,1673-Jan-19,-5.323339704758123E+00,-1.159942202591813E+00,1.244505558807638E-01,1.525941267729505E-03,-7.025100376573876E-03,-6.907714792588505E-06,3.147466705517089E-02,5.449669665811578E+00,4.541008752824954E-06
2332130.5,1673-Jan-20,-5.321808256621848E+00,-1.166966746203329E+00,1.244435277303672E-01,1.536817998263679E-03,-7.023301409202464E-03,-7.127080010019101E-06,3.147468890390638E-02,5.449673448802859E+00,3.013311199828235E-06
2332131.5,1673-Jan-21,-5.320266736125030E+00,-1.173989162376145E+00,1.244362765714955E-01,1.546739101931942E-03,-7.021841889501118E-03,-7.379433934023615E-06,3.147470606470240E-02,5.449676420102582E+00,2.492517792188600E-06
2332132.5,1673-Jan-22,-5.318714446770416E+00,-1.181009318879397E+00,1.244288138203098E-01,1.557036378597191E-03,-7.018223533213759E-03,-7.548600588772174E-06,3.147471444947719E-02,5.449677871881332E+00,1.140663804548528E-06
2332133.5,1673-Jan-23,-5.317152960613211E+00,-1.188026758663973E+00,1.244211344883437E-01,1.566628291229041E-03,-7.016672403607556E-03,-7.800371584726425E-06,3.147472234348345E-02,5.449679238686148E+00,9.214825449310703E-07
2332134.5,1673-Jan-24,-5.315581421124771E+00,-1.195041727011555E+00,1.244132422117659E-01,1.575849184714463E-03,-7.013574067333239E-03,-8.004941718316434E-06,3.147472521772866E-02,5.449679736346279E+00,7.272163916763837E-07
2332135.5,1673-Jan-25,-5.314000642379249E+00,-1.202054638382023E+00,1.244051073839597E-01,1.586073554711256E-03,-7.011698804807720E-03,-8.238870749780901E-06,3.147472817606074E-02,5.449680248565600E+00,-1.790517783407916E-07
2332136.5,1673-Jan-26,-5.312410312311420E+00,-1.209064795840380E+00,1.243967626874646E-01,1.594418481779953E-03,-7.009417850138637E-03,-8.481084738681965E-06,3.147472857340493E-02,5.449680317363614E+00,6.569482053961753E-07
2332137.5,1673-Jan-27,-5.310810570910832E+00,-1.216073683501177E+00,1.243881560881221E-01,1.605104438535400E-03,-7.007652130782759E-03,-8.706984965560679E-06,3.147472909043263E-02,5.449680406884184E+00,-6.729433186861972E-07
2332138.5,1673-Jan-28,-5.309200882234477E+00,-1.223080258443771E+00,1.243793293017318E-01,1.614662678846248E-03,-7.005944194807241E-03,-8.957535507364281E-06,3.147472538481974E-02,5.449679765277202E+00,-8.900733770845822E-07
2332139.5,1673-Jan-29,-5.307580665041184E+00,-1.230084628130098E+00,1.243702836409015E-01,1.625056467566342E-03,-7.002366999995706E-03,-9.128465919023409E-06,3.147471432678565E-02,5.449677850637953E+00,-2.339512514325504E-06
2332140.5,1673-Jan-30,-5.305951360724750E+00,-1.237086066610876E+00,1.243610260920296E-01,1.634224382889269E-03,-7.000729019814979E-03,-9.384335749621502E-06,3.147470307586265E-02,5.449675902601022E+00,-2.161194064172792E-06
2332141.5,1673-Jan-31,-5.304312169043088E+00,-1.244085146174875E+00,1.243515485955207E-01,1.643503876003613E-03,-6.997575876439465E-03,-9.586341829981544E-06,3.147468786883056E-02,5.449673269585037E+00,-2.434912707787360E-06
2332142.5,1673-Feb-01,-5.302663936796516E+00,-1.251082112490766E+00,1.243418270496894E-01,1.653471966202980E-03,-6.995937583945336E-03,-9.833587554781454E-06,3.147467378606193E-02,5.449670831229234E+00,-3.034407227120137E-06
2332143.5,1673-Feb-02,-5.301006098831079E+00,-1.258076445182037E+00,1.243318908329409E-01,1.661850040580508E-03,-6.993455775287104E-03,-1.006948874102008E-05,3.147465696296650E-02,5.449667918400556E+00,-2.280355043634357E-06
2332144.5,1673-Feb-03,-5.299339060101508E+00,-1.265069537433347E+00,1.243216873165084E-01,1.672468429976994E-03,-6.992042277893533E-03,-1.031007226289321E-05,3.147464152684468E-02,5.449665245718914E+00,-3.456974380109667E-06
2332145.5,1673-Feb-04,-5.297661949869783E+00,-1.272060437079390E+00,1.243112599194906E-01,1.682001470428576E-03,-6.990280314462258E-03,-1.056078272972037E-05,3.147462133228050E-02,5.449661749138516E+00,-3.656920835902866E-06
2332146.5,1673-Feb-05,-5.295974255935148E+00,-1.279049337887639E+00,1.243006044862265E-01,1.692812081529395E-03,-6.986919796372853E-03,-1.073666414217519E-05,3.147459377154930E-02,5.449656977145836E+00,-5.469819193937960E-06
2332147.5,1673-Feb-06,-5.294277172761319E+00,-1.286035152954749E+00,1.242897434035315E-01,1.701952898555281E-03,-6.985096375705034E-03,-1.099031468354795E-05,3.147456408054460E-02,5.449651836307734E+00,-5.302518080534550E-06
2332148.5,1673-Feb-07,-5.292570040927174E+00,-1.293018615529708E+00,1.242786604349003E-01,1.711640658809619E-03,-6.981779383106235E-03,-1.118462675236942E-05,3.147452954532616E-02,5.449645856720025E+00,-6.018257160796048E-06
2332149.5,1673-Feb-08,-5.290853740249442E+00,-1.299999664987000E+00,1.242673413547774E-01,1.721560980757244E-03,-6.980047031876473E-03,-1.143449818187860E-05,3.147449501613507E-02,5.449639878175915E+00,-6.585661908882408E-06
2332150.5,1673-Feb-09,-5.289127607830940E+00,-1.306977911609130E+00,1.242558114601294E-01,1.730169227590031E-03,-6.977043793816856E-03,-1.165383663579495E-05,3.147445623715848E-02,5.449633163804259E+00,-6.182390067895174E-06
2332151.5,1673-Feb-10,-5.287392406269132E+00,-1.313954533094561E+00,1.242440210562927E-01,1.740641754538334E-03,-6.975582650775957E-03,-1.189929579417631E-05,3.147441910687421E-02,5.449626734894828E+00,-7.218102869955762E-06
2332152.5,1673-Feb-11,-5.285647096778916E+00,-1.320928741929000E+00,1.242320112902857E-01,1.750048316823199E-03,-6.973398493463698E-03,-1.214038984943475E-05,3.147437672323719E-02,5.449619396395565E+00,-7.391989828550628E-06
2332153.5,1673-Feb-12,-5.283891389507189E+00,-1.327900822519815E+00,1.242197716569044E-01,1.760952650447080E-03,-6.970045459245820E-03,-1.231887783967760E-05,3.147432786454874E-02,5.449610936775900E+00,-9.300424832981637E-06
2332154.5,1673-Feb-13,-5.282126267547495E+00,-1.334869485914786E+00,1.242073352499227E-01,1.769760399905988E-03,-6.967830502537544E-03,-1.256629391978568E-05,3.147427622590792E-02,5.449601995822404E+00,-8.902375010883008E-06
2332155.5,1673-Feb-14,-5.280351330707230E+00,-1.341835709430363E+00,1.241946744515810E-01,1.779477619980478E-03,-6.964399376568880E-03,-1.275763121807709E-05,3.147422093108591E-02,5.449592421820758E+00,-9.683599466553241E-06
2332156.5,1673-Feb-15,-5.278567432012597E+00,-1.348799270968012E+00,1.241817820025489E-01,1.788970488015414E-03,-6.962639877129908E-03,-1.301430265548308E-05,3.147416643504476E-02,5.449582986123730E+00,-9.838166336031383E-06
2332157.5,1673-Feb-16,-5.276773825193178E+00,-1.355760073482991E+00,1.241686739033363E-01,1.797582404624262E-03,-6.959410748500988E-03,-1.322673647978659E-05,3.147410841892739E-02,5.449572940944398E+00,-9.502928110710135E-06
2332158.5,1673-Feb-17,-5.274971482529311E+00,-1.362719120708321E+00,1.241553042625198E-01,1.807674943141834E-03,-6.958194175753179E-03,-1.348679717124704E-05,3.147405375612150E-02,5.449563476372952E+00,-1.010062246284648E-05
2332159.5,1673-Feb-18,-5.273159118746982E+00,-1.369675916615588E+00,1.241417083050872E-01,1.816966108182146E-03,-6.955955293438998E-03,-1.372752946779084E-05,3.147399455962879E-02,5.449553226817966E+00,-1.017535126051195E-05
2332160.5,1673-Feb-19,-5.271336535281416E+00,-1.376630796827027E+00,1.241278717603880E-01,1.827995406723365E-03,-6.953014658696965E-03,-1.392004701589529E-05,3.147393021585711E-02,5.449542086039255E+00,-1.210610517448428E-05
2332161.5,1673-Feb-20,-5.269504322026836E+00,-1.383582306681951E+00,1.241138384114830E-01,1.836751519054486E-03,-6.950665779208282E-03,-1.416526957541379E-05,3.147386190876134E-02,5.449530259032248E+00,-1.169091267053942E-05
2332162.5,1673-Feb-21,-5.267662274642133E+00,-1.390531521716253E+00,1.240995737821033E-01,1.846801656401095E-03,-6.947376334476368E-03,-1.435889995580218E-05,3.147379005963738E-02,5.449517818742072E+00,-1.276508556059707E-05
2332163.5,1673-Feb-22,-5.265811085436884E+00,-1.397477960728848E+00,1.240850815348406E-01,1.856231885989540E-03,-6.945589570728015E-03,-1.461902132221325E-05,3.147371782681260E-02,5.449505312016159E+00,-1.285843236500945E-05
2332164.5,1673-Feb-23,-5.263949967911453E+00,-1.404421692594698E+00,1.240703708333889E-01,1.865259339234966E-03,-6.942116971326853E-03,-1.482125612414722E-05,3.147364091872817E-02,5.449491995794129E+00,-1.299406452003106E-05
2332165.5,1673-Feb-24,-5.262080063433082E+00,-1.411363362339842E+00,1.240554056692523E-01,1.875237334086954E-03,-6.940878659614317E-03,-1.508671353298572E-05,3.147356665974049E-02,5.449479138248985E+00,-1.347261523224818E-05
2332166.5,1673-Feb-25,-5.260199979955682E+00,-1.418302697579237E+00,1.240402152715169E-01,1.884676598028487E-03,-6.938282888748234E-03,-1.531665020772356E-05,3.147348689045446E-02,5.449465326625255E+00,-1.377939698322943E-05
2332167.5,1673-Feb-26,-5.258309718098735E+00,-1.425239952066925E+00,1.240247850449906E-01,1.895837473034958E-03,-6.935410399855605E-03,-1.551457467448882E-05,3.147340200501283E-02,5.449450629166649E+00,-1.581825769161314E-05
2332168.5,1673-Feb-27,-5.256409585332737E+00,-1.432173556884985E+00,1.240091666440719E-01,1.904549442990823E-03,-6.932528746141469E-03,-1.574612958602218E-05,3.147331135693544E-02,5.449434933938583E+00,-1.549890231555404E-05
2332169.5,1673-Feb-28,-5.254499742507424E+00,-1.439104634550638E+00,1.239933192028817E-01,1.914709157145701E-03,-6.929109131570330E-03,-1.593714570439657E-05,3.147321752783727E-02,5.449418687933847E+00,-1.671771127531645E-05
2332170.5,1673-Mar-01,-5.252580789000150E+00,-1.446032553543886E+00,1.239772540046715E-01,1.923792999320588E-03,-6.926999676848618E-03,-1.619415276480148E-05,3.147312289129121E-02,5.449402302123842E+00,-1.655572863261883E-05
2332171.5,1673-Mar-02,-5.250652051236206E+00,-1.452957650791723E+00,1.239609690609091E-01,1.932902161447927E-03,-6.923243629461072E-03,-1.638804166191766E-05,3.147302420351794E-02,5.449385214865590E+00,-1.685481444765496E-05
2332172.5,1673-Mar-03,-5.248714801268052E+00,-1.459880318226600E+00,1.239444363976090E-01,1.942358499040223E-03,-6.921944493290295E-03,-1.666059306737653E-05,3.147292914135007E-02,5.449368755361454E+00,-1.683502541413478E-05
2332173.5,1673-Mar-04,-5.246767603121539E+00,-1.466800678243864E+00,1.239276733721160E-01,1.951652039575464E-03,-6.919178856873794E-03,-1.688677353732798E-05,3.147282991115967E-02,5.449351574186585E+00,-1.704811865192259E-05
2332174.5,1673-Mar-05,-5.244810572205425E+00,-1.473718980340206E+00,1.239106643590193E-01,1.962609721435723E-03,-6.916654266718175E-03,-1.710060373594459E-05,3.147272755291303E-02,5.449333851405570E+00,-1.879688283899572E-05
2332175.5,1673-Mar-06,-5.242843626562083E+00,-1.480633721447281E+00,1.238934640739665E-01,1.971212288198076E-03,-6.913582611677870E-03,-1.732756603788976E-05,3.147261927556508E-02,5.449315103763934E+00,-1.842818798079177E-05
2332176.5,1673-Mar-07,-5.240867172806929E+00,-1.487546042480099E+00,1.238760274749967E-01,1.981437718048251E-03,-6.910451753685561E-03,-1.752825722600139E-05,3.147250911422165E-02,5.449296029918589E+00,-1.963704372493892E-05
2332177.5,1673-Mar-08,-5.238881536835485E+00,-1.494455212466096E+00,1.238583733496541E-01,1.990345482046136E-03,-6.908312633594831E-03,-1.778791192114239E-05,3.147239772964167E-02,5.449276744276403E+00,-1.930963685054330E-05
2332178.5,1673-Mar-09,-5.236886089161802E+00,-1.501361758476945E+00,1.238404909462877E-01,1.999805119927934E-03,-6.904618628313454E-03,-1.798131025927531E-05,3.147228245394640E-02,5.449256784908487E+00,-1.993814326369308E-05
2332179.5,1673-Mar-10,-5.234882047870370E+00,-1.508265715346172E+00,1.238223650245258E-01,2.009070426772414E-03,-6.903339009200989E-03,-1.826015368016613E-05,3.147217010375242E-02,5.449237332075421E+00,-1.971618593495474E-05
2332180.5,1673-Mar-11,-5.232867955702542E+00,-1.515167483742409E+00,1.238040033127023E-01,2.018630730460693E-03,-6.900455418172097E-03,-1.848092097339517E-05,3.147205323920520E-02,5.449217097606320E+00,-2.021765718335858E-05
2332181.5,1673-Mar-12,-5.230844000251820E+00,-1.522067129688861E+00,1.237853950384849E-01,2.029664330222940E-03,-6.898138267664854E-03,-1.870509782695636E-05,3.147193302174028E-02,5.449196282597517E+00,-2.197450462858328E-05
2332182.5,1673-Mar-13,-5.228809773738911E+00,-1.528963165756663E+00,1.237665979629918E-01,2.038513966962776E-03,-6.894641433535417E-03,-1.891804451089452E-05,3.147180480550203E-02,5.449174082644041E+00,-2.196486689117188E-05
2332183.5,1673-Mar-14,-5.226766010351405E+00,-1.535856564674618E+00,1.237475679815191E-01,2.048923269647042E-03,-6.891493837473486E-03,-1.911999729024554E-05,3.147167422261258E-02,5.449151472917614E+00,-2.335455468762014E-05
2332184.5,1673-Mar-15,-5.224712862328096E+00,-1.542746492227279E+00,1.237283304367554E-01,2.057737898169405E-03,-6.888904734258130E-03,-1.936955203929144E-05,3.147154075952857E-02,5.449128364500958E+00,-2.305921309447584E-05
2332185.5,1673-Mar-16,-5.222649935390789E+00,-1.549633609834714E+00,1.237088659042984E-01,2.067436546568807E-03,-6.884981926848830E-03,-1.955618173694976E-05,3.147140330272485E-02,5.449104564593170E+00,-2.398875281749583E-05
2332186.5,1673-Mar-17,-5.220578447517134E+00,-1.556517647391668E+00,1.236891703985999E-01,2.076292316997917E-03,-6.883343264463724E-03,-1.983213155356207E-05,3.147126814810868E-02,5.449081163296799E+00,-2.346352949056190E-05
2332187.5,1673-Mar-18,-5.218497114292281E+00,-1.563399358313317E+00,1.236692380088483E-01,2.085823601641983E-03,-6.880187269187755E-03,-2.004576650448373E-05,3.147112942809030E-02,5.449057144670172E+00,-2.401573805566345E-05
2332188.5,1673-Mar-19,-5.216406222501699E+00,-1.570278717871109E+00,1.236490608380145E-01,2.096494112362774E-03,-6.877973609531378E-03,-2.028084088876081E-05,3.147098870031485E-02,5.449032778411183E+00,-2.538745215812951E-05
2332189.5,1673-Mar-20,-5.214305101072776E+00,-1.577154465360788E+00,1.236286926241790E-01,2.105288310934210E-03,-6.874152510165607E-03,-2.048446905186891E-05,3.147084016760660E-02,5.449007060769972E+00,-2.542623243780271E-05
2332190.5,1673-Mar-21,-5.212194754574145E+00,-1.584027466004527E+00,1.236080898264603E-01,2.115501762233927E-03,-6.871201194074436E-03,-2.069678729013368E-05,3.147069081598456E-02,5.448981201338237E+00,-2.657268534124137E-05
2332191.5,1673-Mar-22,-5.210075080666308E+00,-1.590896966178623E+00,1.235872795199573E-01,2.124055590442448E-03,-6.868434298990769E-03,-2.094398698004175E-05,3.147053881492853E-02,5.448954883171224E+00,-2.607953753931769E-05
2332192.5,1673-Mar-23,-5.207945845449255E+00,-1.597763790925424E+00,1.235662336302933E-01,2.133869880089657E-03,-6.864713463194511E-03,-2.113707374091682E-05,3.147038425322438E-02,5.448928121641734E+00,-2.706954385727149E-05
2332193.5,1673-Mar-24,-5.205808057483019E+00,-1.604627435328355E+00,1.235449592002281E-01,2.142390840344796E-03,-6.863015926014737E-03,-2.141684610338248E-05,3.147023184440734E-02,5.448901732873090E+00,-2.623240523531019E-05
2332194.5,1673-Mar-25,-5.203660544338803E+00,-1.611488957624595E+00,1.235234380494469E-01,2.152085704419387E-03,-6.859966452072621E-03,-2.163247022909702E-05,3.147007691578520E-02,5.448874907813719E+00,-2.691113312556797E-05
2332195.5,1673-Mar-26,-5.201503516631931E+00,-1.618348163917417E+00,1.235016691750233E-01,2.162628677991710E-03,-6.858043671788982E-03,-2.188155428879048E-05,3.146992031590596E-02,5.448847793385152E+00,-2.806477694279492E-05
2332196.5,1673-Mar-27,-5.199336004623268E+00,-1.625203972202053E+00,1.234797029208137E-01,2.171785209604561E-03,-6.854058104124013E-03,-2.207697913960010E-05,3.146975485787678E-02,5.448819145215465E+00,-2.850610981302263E-05
2332197.5,1673-Mar-28,-5.197159190852140E+00,-1.632056939148478E+00,1.234575032742911E-01,2.182116585070404E-03,-6.851269022780835E-03,-2.229681571362771E-05,3.146958801240846E-02,5.448790256818140E+00,-2.971280166335068E-05
2332198.5,1673-Mar-29,-5.194972741341414E+00,-1.638906316226610E+00,1.234351002620166E-01,2.190809597281371E-03,-6.848143049154667E-03,-2.253309652245026E-05,3.146941664650547E-02,5.448760585731814E+00,-2.945855560468589E-05
2332199.5,1673-Mar-30,-5.192776666619531E+00,-1.645752903958984E+00,1.234124620433646E-01,2.200948420717541E-03,-6.844401340381668E-03,-2.272584629621963E-05,3.146924219917659E-02,5.448730381113134E+00,-3.076769497822820E-05
2332200.5,1673-Mar-31,-5.190571808776295E+00,-1.652595920510697E+00,1.233896073556560E-01,2.209314367973353E-03,-6.842228367161162E-03,-2.299607122780684E-05,3.146906794286927E-02,5.448700209568811E+00,-2.991606406736417E-05
2332201.5,1673-Apr-01,-5.188357307520069E+00,-1.659436629470026E+00,1.233665067771388E-01,2.219164018141929E-03,-6.838959851828657E-03,-2.320554637166456E-05,3.146889134900070E-02,5.448669633288307E+00,-3.080718101921864E-05
2332202.5,1673-Apr-02,-5.186133383442932E+00,-1.666274675366775E+00,1.233431658098668E-01,2.229398652202149E-03,-6.836916317665537E-03,-2.345856778518230E-05,3.146871302078826E-02,5.448638756715467E+00,-3.169079823166159E-05
2332203.5,1673-Apr-03,-5.183898963704771E+00,-1.673109251152366E+00,1.233196265175715E-01,2.238704347931356E-03,-6.832553052573964E-03,-2.364181712545542E-05,3.146852564597320E-02,5.448606313771942E+00,-3.239817999766435E-05
2332204.5,1673-Apr-04,-5.181655444065508E+00,-1.679940648193585E+00,1.232958598620210E-01,2.248755425607932E-03,-6.829742054954001E-03,-2.386742491657399E-05,3.146833740494906E-02,5.448573720848963E+00,-3.334033137175857E-05
2332205.5,1673-Apr-05,-5.179402348753581E+00,-1.686768308393719E+00,1.232718924476552E-01,2.257275586401953E-03,-6.826232262590812E-03,-2.409387836763603E-05,3.146814468709279E-02,5.448540352786529E+00,-3.304303796009632E-05
2332206.5,1673-Apr-06,-5.177139946418405E+00,-1.693593081455448E+00,1.232476872320002E-01,2.267322767404893E-03,-6.822623626725175E-03,-2.429420179536307E-05,3.146795047470349E-02,5.448506725953724E+00,-3.422833310558918E-05
2332207.5,1673-Apr-07,-5.174868826518905E+00,-1.700414107031764E+00,1.232232695998997E-01,2.275302309075343E-03,-6.820160747068435E-03,-2.456071708323109E-05,3.146775645809891E-02,5.448473133019990E+00,-3.309549135351670E-05
2332208.5,1673-Apr-08,-5.172588408294690E+00,-1.707232896443763E+00,1.231985980790650E-01,2.285101969068569E-03,-6.817049153446718E-03,-2.477628218667746E-05,3.146756216425241E-02,5.448439492083307E+00,-3.389113323850308E-05
2332209.5,1673-Apr-09,-5.170298750462845E+00,-1.714049023960604E+00,1.231736837768219E-01,2.294956049455532E-03,-6.815189189629814E-03,-2.504138420224876E-05,3.146736716184687E-02,5.448405728463428E+00,-3.434480931490360E-05
2332210.5,1673-Apr-10,-5.167998611413985E+00,-1.720862001654608E+00,1.231485590697231E-01,2.304531615682556E-03,-6.810885176705154E-03,-2.522364845191203E-05,3.146716377269621E-02,5.448370512723647E+00,-3.530026951998369E-05
2332211.5,1673-Apr-11,-5.165689384984724E+00,-1.727671787294385E+00,1.231232061280108E-01,2.314474912429949E-03,-6.808319296484756E-03,-2.546093082611522E-05,3.146695955791549E-02,5.448335154030455E+00,-3.605728087655492E-05
2332212.5,1673-Apr-12,-5.163370385125234E+00,-1.734477979231728E+00,1.230976487896764E-01,2.323202167580732E-03,-6.804645171726505E-03,-2.568022181671265E-05,3.146675002465675E-02,5.448298874471337E+00,-3.601256894062269E-05
2332213.5,1673-Apr-13,-5.161042049431546E+00,-1.741281293202141E+00,1.230718511646779E-01,2.333463079409185E-03,-6.801262118476301E-03,-2.588888834672952E-05,3.146653887770485E-02,5.448262315509909E+00,-3.732874046723886E-05
2332214.5,1673-Apr-14,-5.158704664138316E+00,-1.748080725513550E+00,1.230458468370182E-01,2.341498408433662E-03,-6.798402108895881E-03,-2.614470216896274E-05,3.146632583365640E-02,5.448225428076396E+00,-3.637148819230517E-05
2332215.5,1673-Apr-15,-5.156357992556837E+00,-1.754877818617714E+00,1.230195879290927E-01,2.351531133365517E-03,-6.795284682997566E-03,-2.636055062433309E-05,3.146611244524240E-02,5.448188481017840E+00,-3.738579487024718E-05
2332216.5,1673-Apr-16,-5.154001965777720E+00,-1.761671995387414E+00,1.229930931379867E-01,2.361221966346771E-03,-6.793232258762809E-03,-2.662531595564353E-05,3.146589727935266E-02,5.448151226198894E+00,-3.773213135872306E-05
2332217.5,1673-Apr-17,-5.151635363183856E+00,-1.768463010150162E+00,1.229663852718996E-01,2.371170429205722E-03,-6.788700002189933E-03,-2.679866222872311E-05,3.146567321939043E-02,5.448112431419038E+00,-3.912105920356303E-05
2332218.5,1673-Apr-18,-5.149259627011620E+00,-1.775250439621799E+00,1.229394592708272E-01,2.380923786068321E-03,-6.785955496580194E-03,-2.703668650866485E-05,3.146544735203347E-02,5.448073323698485E+00,-3.974765220453161E-05
2332219.5,1673-Apr-19,-5.146874057139816E+00,-1.782034090349757E+00,1.229123326125726E-01,2.389733620785724E-03,-6.781820031156397E-03,-2.724158891338902E-05,3.146521548565345E-02,5.448033177279284E+00,-3.993584589463884E-05
2332220.5,1673-Apr-20,-5.144479351512227E+00,-1.788814552679914E+00,1.228849705013631E-01,2.399852896507220E-03,-6.778424233996695E-03,-2.745525590015780E-05,3.146498253460792E-02,5.447992843056076E+00,-4.112039121594158E-05
2332221.5,1673-Apr-21,-5.142075578790882E+00,-1.795590862177220E+00,1.228574084629631E-01,2.407666715207188E-03,-6.775030114871069E-03,-2.769804248235314E-05,3.146474704278267E-02,5.447952068910497E+00,-4.012975148277517E-05
2332222.5,1673-Apr-22,-5.139662908050431E+00,-1.802364638134506E+00,1.228295910501233E-01,2.417510709431968E-03,-6.771954129505244E-03,-2.791924840570855E-05,3.146451299803957E-02,5.447911545319424E+00,-4.094941281650314E-05
2332223.5,1673-Apr-23,-5.137241106881166E+00,-1.809135340350372E+00,1.228015396115521E-01,2.426710145917670E-03,-6.769797029703266E-03,-2.818767659806560E-05,3.146427811508318E-02,5.447870876596217E+00,-4.085587889007973E-05
2332224.5,1673-Apr-24,-5.134808990917083E+00,-1.815903078416289E+00,1.227732639275453E-01,2.436759415254504E-03,-6.765385324420584E-03,-2.836418577251534E-05,3.146403616300539E-02,5.447828983892583E+00,-4.230905213992404E-05
2332225.5,1673-Apr-25,-5.132367863666614E+00,-1.822667154596942E+00,1.227447707272709E-01,2.446159351599701E-03,-6.762752082741027E-03,-2.861158274444287E-05,3.146379290282981E-02,5.447786864698839E+00,-4.255957099391200E-05
2332226.5,1673-Apr-26,-5.129916946871041E+00,-1.829427654394018E+00,1.227160690462874E-01,2.455091255726616E-03,-6.758579193362205E-03,-2.881320570642163E-05,3.146354426012318E-02,5.447743813548731E+00,-4.288351461717777E-05
2332227.5,1673-Apr-27,-5.127457012602233E+00,-1.836184997649137E+00,1.226871286503695E-01,2.465138709728771E-03,-6.755508153302864E-03,-2.904061801466496E-05,3.146329524453881E-02,5.447700697836845E+00,-4.388878261580288E-05
2332228.5,1673-Apr-28,-5.124987796610731E+00,-1.842938282405011E+00,1.226579864203399E-01,2.473067879801771E-03,-6.751861118754500E-03,-2.927484396629340E-05,3.146304266552380E-02,5.447656965136071E+00,-4.309562181606099E-05
2332229.5,1673-Apr-29,-5.122509764624350E+00,-1.849689021086345E+00,1.226285857770576E-01,2.483010045440405E-03,-6.749004300652794E-03,-2.950463090870904E-05,3.146279199657513E-02,5.447613563153030E+00,-4.392788762177330E-05
2332230.5,1673-Apr-30,-5.120022445838164E+00,-1.856436639663314E+00,1.225989528222687E-01,2.492125546727473E-03,-6.746708906698070E-03,-2.977194358393420E-05,3.146253957052089E-02,5.447569856936592E+00,-4.379037642947708E-05
2332231.5,1673-May-01,-5.117524747638682E+00,-1.863181430273987E+00,1.225690884447805E-01,2.502604685397906E-03,-6.742377416074447E-03,-2.994887432274939E-05,3.146228004290481E-02,5.447524921122836E+00,-4.562435663463575E-05
2332232.5,1673-May-02,-5.115017795674738E+00,-1.869922318022950E+00,1.225390144748055E-01,2.511940476627661E-03,-6.739555952369008E-03,-3.019492928959521E-05,3.146201741162389E-02,5.447479447926173E+00,-4.586969257852833E-05
2332233.5,1673-May-03,-5.112500890644784E+00,-1.876659557179951E+00,1.225087327643511E-01,2.521209177887402E-03,-6.735074808248241E-03,-3.038464579954403E-05,3.146174838238186E-02,5.447432866956883E+00,-4.662086727549321E-05
2332234.5,1673-May-04,-5.109974944026368E+00,-1.883393295887609E+00,1.224782206933963E-01,2.531178381981916E-03,-6.731924146405485E-03,-3.061500150371933E-05,3.146147818759531E-02,5.447386084179815E+00,-4.757272055456066E-05
2332235.5,1673-May-05,-5.107439532094237E+00,-1.890122741076023E+00,1.224475130955002E-01,2.539211813268064E-03,-6.727682387682771E-03,-3.083119745182136E-05,3.146120294560815E-02,5.447338427507051E+00,-4.708731183446478E-05
2332236.5,1673-May-06,-5.104895525631036E+00,-1.896849246935791E+00,1.224165536470025E-01,2.548978680690240E-03,-6.724735656151543E-03,-3.106379377816361E-05,3.146093007000396E-02,5.447291180560798E+00,-4.777839309884661E-05
2332237.5,1673-May-07,-5.102342332438253E+00,-1.903572345747202E+00,1.223853680377133E-01,2.557740990861564E-03,-6.722047129231032E-03,-3.132434126147763E-05,3.146065542317211E-02,5.447243626935981E+00,-4.743697359670519E-05
2332238.5,1673-May-08,-5.099779080840062E+00,-1.910292581444970E+00,1.223539455950937E-01,2.568233776009701E-03,-6.717782698566332E-03,-3.150527757364847E-05,3.146037539386268E-02,5.447195141364066E+00,-4.926374415173426E-05
2332239.5,1673-May-09,-5.097206675503611E+00,-1.917008689297798E+00,1.223223185721951E-01,2.577149558878476E-03,-6.714775900973580E-03,-3.175207401029897E-05,3.146009232554550E-02,5.447146129604264E+00,-4.917514004064904E-05
2332240.5,1673-May-10,-5.094624538840689E+00,-1.923721209033581E+00,1.222904778370967E-01,2.586447199036603E-03,-6.710244725408872E-03,-3.193953613002366E-05,3.145980418456593E-02,5.447096239540197E+00,-4.997950499055128E-05
2332241.5,1673-May-11,-5.092033586129336E+00,-1.930430120921786E+00,1.222584073264026E-01,2.596064339072379E-03,-6.707268641130086E-03,-3.218148190704540E-05,3.145951587332931E-02,5.447046319997038E+00,-5.053525028240654E-05
2332242.5,1673-May-12,-5.089433173211260E+00,-1.937134878617873E+00,1.222261357390063E-01,2.604170334303301E-03,-6.702837546993708E-03,-3.239059014663821E-05,3.145922279293467E-02,5.446995574699764E+00,-5.019454541926997E-05
2332243.5,1673-May-13,-5.086824392928088E+00,-1.943836640884514E+00,1.221936102526640E-01,2.613746279639581E-03,-6.700157648397327E-03,-3.263600784863464E-05,3.145893320882905E-02,5.446945434766167E+00,-5.060529988096097E-05
2332244.5,1673-May-14,-5.084206412389340E+00,-1.950535089646038E+00,1.221608552014729E-01,2.622385182540942E-03,-6.697376592032553E-03,-3.289540169657427E-05,3.145864198194848E-02,5.446895010394906E+00,-5.017501519266294E-05
2332245.5,1673-May-15,-5.081578493131279E+00,-1.957230897664131E+00,1.221278526705658E-01,2.633114629950439E-03,-6.693475695255005E-03,-3.308745497244581E-05,3.145834653317174E-02,5.446843855024984E+00,-5.209294361409576E-05
2332246.5,1673-May-16,-5.078941169895859E+00,-1.963922571267859E+00,1.220946472765823E-01,2.641998806016881E-03,-6.690352943079914E-03,-3.333324368068665E-05,3.145804666435727E-02,5.446791934349251E+00,-5.201064517906413E-05
2332247.5,1673-May-17,-5.076293999185424E+00,-1.970610763764764E+00,1.220612232750276E-01,2.651699403271955E-03,-6.685819599172302E-03,-3.351753267895823E-05,3.145774134215504E-02,5.446739069448700E+00,-5.319676399037025E-05
2332248.5,1673-May-18,-5.073637841264143E+00,-1.977295148740313E+00,1.220275758870468E-01,2.661277451557119E-03,-6.682807234727709E-03,-3.376266408819221E-05,3.145743451846543E-02,5.446685944573665E+00,-5.371993872257333E-05
2332249.5,1673-May-19,-5.070971951875947E+00,-1.983975334960369E+00,1.219937284763080E-01,2.669775337925647E-03,-6.677974973609782E-03,-3.395667116089162E-05,3.145712136620259E-02,5.446631723940147E+00,-5.389766319942282E-05
2332250.5,1673-May-20,-5.068297681810983E+00,-1.990652127439132E+00,1.219596365874914E-01,2.679255594488406E-03,-6.675180499990949E-03,-3.420410778467086E-05,3.145681083171280E-02,5.446577956559978E+00,-5.424950823972848E-05
2332251.5,1673-May-21,-5.065614123974548E+00,-1.997325355683535E+00,1.219253212557680E-01,2.687838004770478E-03,-6.671914156313813E-03,-3.445069922337154E-05,3.145649768338397E-02,5.446523736607610E+00,-5.393665232140777E-05
2332252.5,1673-May-22,-5.062920831994190E+00,-2.003995755249713E+00,1.218907584638477E-01,2.698598826684996E-03,-6.668057851445085E-03,-3.464758628926962E-05,3.145618108830500E-02,5.446468919868956E+00,-5.586294750069721E-05
2332253.5,1673-May-23,-5.060218062845556E+00,-2.010661732239636E+00,1.218560006022354E-01,2.707246224223002E-03,-6.664496490827509E-03,-3.488450803662372E-05,3.145585905703060E-02,5.446413161882240E+00,-5.571723320360340E-05
2332254.5,1673-May-24,-5.057505656907778E+00,-2.017324092605715E+00,1.218210232179179E-01,2.716993508382679E-03,-6.659854570271373E-03,-3.506612222693288E-05,3.145553244201310E-02,5.446356610245009E+00,-5.699163196080043E-05
2332255.5,1673-May-25,-5.054784419603124E+00,-2.023982347682391E+00,1.217858293110582E-01,2.726144265131938E-03,-6.656710765831025E-03,-3.531419226146718E-05,3.145520451852055E-02,5.446299832052344E+00,-5.715940199783492E-05
2332256.5,1673-May-26,-5.052053587860196E+00,-2.030636418011436E+00,1.217504314810502E-01,2.734713785069172E-03,-6.651653785027085E-03,-3.550047711129966E-05,3.145487101839960E-02,5.446242088296407E+00,-5.749879771758009E-05
2332257.5,1673-May-27,-5.049314653157405E+00,-2.037286845916595E+00,1.217147928974412E-01,2.743762259887857E-03,-6.648928137250620E-03,-3.575729297012559E-05,3.145454108953366E-02,5.446184962884105E+00,-5.741585050931820E-05
2332258.5,1673-May-28,-5.046566600278961E+00,-2.043933759219279E+00,1.216789267180412E-01,2.752157067432905E-03,-6.645501089857106E-03,-3.600031801621260E-05,3.145420957113799E-02,5.446127562253262E+00,-5.698735243550901E-05
2332259.5,1673-May-29,-5.043809155566137E+00,-2.050577963492920E+00,1.216428042098910E-01,2.762810018331007E-03,-6.642075776175092E-03,-3.621405960912313E-05,3.145387675291615E-02,5.446069936564496E+00,-5.864732376851591E-05
2332260.5,1673-May-30,-5.041042142135079E+00,-2.057217874232563E+00,1.216064831055159E-01,2.771360334990212E-03,-6.638415660596749E-03,-3.644949952388276E-05,3.145353826490332E-02,5.446011329181850E+00,-5.844816735960142E-05
2332261.5,1673-May-31,-5.038265576421770E+00,-2.063854354008793E+00,1.215699339047488E-01,2.781331974755581E-03,-6.634031370368244E-03,-3.663769567059357E-05,3.145319607244272E-02,5.445952080393955E+00,-5.983685755536898E-05
2332262.5,1673-Jun-01,-5.035480037957004E+00,-2.070486708301595E+00,1.215331699860075E-01,2.790373007854215E-03,-6.630904587731292E-03,-3.688960173323375E-05,3.145285175891971E-02,5.445892464355489E+00,-5.988937147825214E-05
2332263.5,1673-Jun-02,-5.032684736385575E+00,-2.077115050661367E+00,1.214961959954059E-01,2.799404621971554E-03,-6.625781217167046E-03,-3.706995385535957E-05,3.145250134908099E-02,5.445831792772678E+00,-6.069134970606231E-05
2332264.5,1673-Jun-03,-5.029881188029742E+00,-2.083739501141042E+00,1.214589885785763E-01,2.808368200260966E-03,-6.623004837152929E-03,-3.733008996617746E-05,3.145215319600576E-02,5.445771511936352E+00,-6.053791613879791E-05
2332265.5,1673-Jun-04,-5.027068355381595E+00,-2.090360372548335E+00,1.214215546591681E-01,2.816954772720313E-03,-6.619239786898275E-03,-3.756171205845175E-05,3.145180245420622E-02,5.445710782876307E+00,-6.041239870179638E-05
2332266.5,1673-Jun-05,-5.024246193614107E+00,-2.096978359952644E+00,1.213838659935521E-01,2.827647211098724E-03,-6.615939886608183E-03,-3.778345332173441E-05,3.145145043465284E-02,5.445649832580044E+00,-6.204939287403478E-05
2332267.5,1673-Jun-06,-5.021414208774393E+00,-2.103591892036101E+00,1.213459838709618E-01,2.836266316655677E-03,-6.611807618618040E-03,-3.800556052892403E-05,3.145109103196866E-02,5.445587603934309E+00,-6.209337372265500E-05
2332268.5,1673-Jun-07,-5.018572739171107E+00,-2.110201778290647E+00,1.213078760729714E-01,2.846376437562914E-03,-6.607350265652749E-03,-3.819286803968634E-05,3.145072784895863E-02,5.445524720745444E+00,-6.363721185314763E-05
2332269.5,1673-Jun-08,-5.015722234492172E+00,-2.116807182088498E+00,1.212695638598693E-01,2.855158110739782E-03,-6.603848094781587E-03,-3.843839860050104E-05,3.145036141122631E-02,5.445461274018882E+00,-6.358843318910980E-05
2332270.5,1673-Jun-09,-5.012862067036798E+00,-2.123408452716156E+00,1.212310411424618E-01,2.864371673039858E-03,-6.598490212500119E-03,-3.861099790873633E-05,3.144998915494299E-02,5.445396819841446E+00,-6.465847695098419E-05
2332271.5,1673-Jun-10,-5.009993781587091E+00,-2.130005392520853E+00,1.211922957489823E-01,2.872888311546422E-03,-6.595469998134376E-03,-3.887151435515211E-05,3.144961884159198E-02,5.445332702072312E+00,-6.417915322915525E-05
2332272.5,1673-Jun-11,-5.007116435403665E+00,-2.136598637768510E+00,1.211533231126311E-01,2.881338528138383E-03,-6.591407762704990E-03,-3.909522332418281E-05,3.144924688906414E-02,5.445268300488507E+00,-6.404480925641538E-05
2332273.5,1673-Jun-12,-5.004230177337901E+00,-2.143188860969377E+00,1.211140941866029E-01,2.891646614490335E-03,-6.588353833236342E-03,-3.933159289495883E-05,3.144887561786613E-02,5.445204016873305E+00,-6.522112157017017E-05
2332274.5,1673-Jun-13,-5.001334169100867E+00,-2.149774717289858E+00,1.210746673794009E-01,2.900130846053792E-03,-6.584020442231327E-03,-3.954869727402979E-05,3.144849754058169E-02,5.445138554820766E+00,-6.522352961194192E-05
2332275.5,1673-Jun-14,-4.998428963859141E+00,-2.156356989904297E+00,1.210350084662366E-01,2.910168825001034E-03,-6.579863583573574E-03,-3.974741405080230E-05,3.144811737498524E-02,5.445072731188217E+00,-6.658279146007077E-05
2332276.5,1673-Jun-15,-4.995514725796325E+00,-2.162934816581426E+00,1.209951443363025E-01,2.918713707609765E-03,-6.576313639506602E-03,-3.999436438371618E-05,3.144773402625586E-02,5.445006356413280E+00,-6.633209795354464E-05
2332277.5,1673-Jun-16,-4.992590906506000E+00,-2.169508750259213E+00,1.209550596578660E-01,2.928216315088314E-03,-6.571154786831023E-03,-4.017075583628876E-05,3.144734585127729E-02,5.444939145999203E+00,-6.759803625976819E-05
2332278.5,1673-Jun-17,-4.989658861202957E+00,-2.176078251412027E+00,1.209147560448261E-01,2.936543512377929E-03,-6.568108916115110E-03,-4.043496926773497E-05,3.144695878515880E-02,5.444872127578297E+00,-6.694750004861724E-05
2332279.5,1673-Jun-18,-4.986717706177991E+00,-2.182644175697189E+00,1.208742199703431E-01,2.945229622908411E-03,-6.563964135802633E-03,-4.065389948732448E-05,3.144657011687906E-02,5.444804831751767E+00,-6.706294137162926E-05
2332280.5,1673-Jun-19,-4.983767675652964E+00,-2.189207008089258E+00,1.208334275892409E-01,2.955460840132184E-03,-6.561147309872535E-03,-4.090237812307836E-05,3.144618221831316E-02,5.444737669197061E+00,-6.805890878298453E-05
2332281.5,1673-Jun-20,-4.980807621344861E+00,-2.195765564704279E+00,1.207924349668500E-01,2.964233403094106E-03,-6.556532735344648E-03,-4.110889858249821E-05,3.144578629104185E-02,5.444669116515105E+00,-6.844000203397148E-05
2332282.5,1673-Jun-21,-4.977838322100898E+00,-2.202320398579013E+00,1.207512120001763E-01,2.974433367126540E-03,-6.552458471441897E-03,-4.131204119281331E-05,3.144538774071880E-02,5.444600109665817E+00,-6.990851858674830E-05
2332283.5,1673-Jun-22,-4.974859732550818E+00,-2.208870576044569E+00,1.207097913921220E-01,2.982983215036547E-03,-6.548500738509938E-03,-4.154816373009753E-05,3.144498415400263E-02,5.444530230792092E+00,-6.982195615081429E-05
2332284.5,1673-Jun-23,-4.971871548050709E+00,-2.215416730749474E+00,1.206681508851296E-01,2.992797967401632E-03,-6.543239568292076E-03,-4.172085670703038E-05,3.144457540127973E-02,5.444459457452032E+00,-7.141921653799820E-05
2332285.5,1673-Jun-24,-4.968874996042368E+00,-2.221958002039826E+00,1.206263049638809E-01,3.000882819682238E-03,-6.539737481832678E-03,-4.197687181094277E-05,3.144416593297335E-02,5.444388560212533E+00,-7.072476375561143E-05
2332286.5,1673-Jun-25,-4.965869455186338E+00,-2.228495464334684E+00,1.205842292970640E-01,3.009617718318653E-03,-6.535247365053566E-03,-4.218570094439085E-05,3.144375499090725E-02,5.444317407799447E+00,-7.102571160544489E-05
2332287.5,1673-Jun-26,-4.962855308752856E+00,-2.235029468465973E+00,1.205419040144608E-01,3.019408749405515E-03,-6.532392980896130E-03,-4.244140795145891E-05,3.144334542893168E-02,5.444246494341630E+00,-7.161944226949041E-05
2332288.5,1673-Jun-27,-4.959831242190964E+00,-2.241559165943058E+00,1.204993761463157E-01,3.028156503694735E-03,-6.527451879431209E-03,-4.263837692058674E-05,3.144292832931778E-02,5.444174275782192E+00,-7.211626972394237E-05
2332289.5,1673-Jun-28,-4.956798245412799E+00,-2.248084955515112E+00,1.204566185833285E-01,3.038081796827320E-03,-6.523508820106091E-03,-4.285095790491643E-05,3.144250985080044E-02,5.444101818473027E+00,-7.327529481947663E-05
2332290.5,1673-Jun-29,-4.953756052037443E+00,-2.254606035118161E+00,1.204136638475103E-01,3.046367439239856E-03,-6.519308606334564E-03,-4.308199236914935E-05,3.144208668416355E-02,5.444028549441122E+00,-7.304816041282730E-05
2332291.5,1673-Jun-30,-4.950704560121473E+00,-2.261123179444357E+00,1.203704818989758E-01,3.056205661802524E-03,-6.514296663451410E-03,-4.326333148982293E-05,3.144166013962960E-02,5.443954695544472E+00,-7.456927432552475E-05
2332292.5,1673-Jul-01,-4.947644697829537E+00,-2.267635355163316E+00,1.203270972528065E-01,3.063981278805733E-03,-6.510643702661971E-03,-4.351902931494341E-05,3.144123261492315E-02,5.443880671936213E+00,-7.365359858899644E-05
2332293.5,1673-Jul-02,-4.944576029901762E+00,-2.274143848890875E+00,1.202834753841317E-01,3.072801553760631E-03,-6.506236854033241E-03,-4.372946385327631E-05,3.144080490508274E-02,5.443806616273006E+00,-7.400011547574998E-05
2332294.5,1673-Jul-03,-4.941498892837561E+00,-2.280648858609804E+00,1.202396028967461E-01,3.082281630931231E-03,-6.503611677877637E-03,-4.399815728703607E-05,3.144037926136174E-02,5.443732918347282E+00,-7.420037751415249E-05
2332295.5,1673-Jul-04,-4.938411756221364E+00,-2.287149850983133E+00,1.201955178402018E-01,3.091324858060923E-03,-6.498652066753466E-03,-4.419157377751852E-05,3.143994638679092E-02,5.443657968438724E+00,-7.497817584090553E-05
2332296.5,1673-Jul-05,-4.935315664510020E+00,-2.293646920225235E+00,1.201512020867889E-01,3.101268737242719E-03,-6.494950326915600E-03,-4.441463984976140E-05,3.143951199223716E-02,5.443582755353277E+00,-7.604437286903863E-05
2332297.5,1673-Jul-06,-4.932210106858887E+00,-2.300139324040485E+00,1.201066893412229E-01,3.109729082154873E-03,-6.490495654706177E-03,-4.463643567510038E-05,3.143907160429572E-02,5.443506504544923E+00,-7.608221922043222E-05
2332298.5,1673-Jul-07,-4.929095196970794E+00,-2.306627771088027E+00,1.200619478789091E-01,3.119873241789709E-03,-6.485628316532413E-03,-4.482221323609522E-05,3.143862754483914E-02,5.443429618033427E+00,-7.781918667981484E-05
2332299.5,1673-Jul-08,-4.925971574343660E+00,-2.313110999480617E+00,1.200170133034917E-01,3.127666795764877E-03,-6.481518171064313E-03,-4.506611748969429E-05,3.143818007466005E-02,5.443352140973636E+00,-7.710973772884893E-05
2332300.5,1673-Jul-09,-4.922839132934769E+00,-2.319590345201387E+00,1.199718442869873E-01,3.136716535446853E-03,-6.476902126697438E-03,-4.526983039856992E-05,3.143773190150155E-02,5.443274542196733E+00,-7.775142912271837E-05
2332301.5,1673-Jul-10,-4.919698236200428E+00,-2.326065805822603E+00,1.199264349922238E-01,3.145884025603052E-03,-6.474052380997108E-03,-4.553872671364909E-05,3.143728492374914E-02,5.443197150397980E+00,-7.774649878822903E-05
2332302.5,1673-Jul-11,-4.916547361384723E+00,-2.332537178367493E+00,1.198808117001260E-01,3.155125026931206E-03,-6.468783621874336E-03,-4.572184186041618E-05,3.143683070302406E-02,5.443118504517382E+00,-7.883798604043222E-05
2332303.5,1673-Jul-12,-4.913387666155844E+00,-2.339004269713865E+00,1.198349650928139E-01,3.164791833261389E-03,-6.465000000211298E-03,-4.594900146624701E-05,3.143637480993738E-02,5.443039569076351E+00,-7.967843091819371E-05
2332304.5,1673-Jul-13,-4.910218542759844E+00,-2.345466538292541E+00,1.197889243902684E-01,3.173155601713512E-03,-6.460127131036596E-03,-4.615880810066013E-05,3.143591273436681E-02,5.442959563171416E+00,-7.981039810522263E-05
2332305.5,1673-Jul-14,-4.907040377421931E+00,-2.351924683822191E+00,1.197426550008712E-01,3.183159608091962E-03,-6.455384681910059E-03,-4.635240939470694E-05,3.143544822488525E-02,5.442879135847860E+00,-8.136585385181811E-05
2332306.5,1673-Jul-15,-4.903853513165847E+00,-2.358377435923986E+00,1.196961972132249E-01,3.190676460543638E-03,-6.450887303421950E-03,-4.658781113554519E-05,3.143497989903683E-02,5.442798047740859E+00,-8.057607361439357E-05
2332307.5,1673-Jul-16,-4.900658164969420E+00,-2.364826240705579E+00,1.196495016392663E-01,3.199629465580798E-03,-6.446330910373692E-03,-4.679508928662778E-05,3.143451247472098E-02,5.442717115729390E+00,-8.110595718609973E-05
2332308.5,1673-Jul-17,-4.897454592508105E+00,-2.371271032456243E+00,1.196025674498181E-01,3.208286881856382E-03,-6.443496458408264E-03,-4.707132112830479E-05,3.143404714135559E-02,5.442636545754770E+00,-8.062134431438225E-05
2332309.5,1673-Jul-18,-4.894241247862769E+00,-2.377712012616240E+00,1.195554068883157E-01,3.217663980734053E-03,-6.438359658334913E-03,-4.725692059331201E-05,3.143357637106604E-02,5.442555034405910E+00,-8.178300314102673E-05
2332310.5,1673-Jul-19,-4.891019184529520E+00,-2.384148718543326E+00,1.195080211901502E-01,3.227087957912169E-03,-6.434814978360321E-03,-4.749639749783826E-05,3.143310448308452E-02,5.442473329534686E+00,-8.229152463451147E-05
2332311.5,1673-Jul-20,-4.887787613311549E+00,-2.390580819395588E+00,1.194604346767567E-01,3.235615428895614E-03,-6.429870404422156E-03,-4.770139496371481E-05,3.143262654947084E-02,5.442390577894704E+00,-8.260608600710240E-05
2332312.5,1673-Jul-21,-4.884547047884007E+00,-2.397008868617328E+00,1.194126155075860E-01,3.245712321136441E-03,-6.425475218878429E-03,-4.790748427428955E-05,3.143214663998780E-02,5.442307484143545E+00,-8.408826790625350E-05
2332313.5,1673-Jul-22,-4.881297451177155E+00,-2.403431556222094E+00,1.193646093953277E-01,3.253394163814331E-03,-6.420671666689392E-03,-4.813258762151200E-05,3.143166123693458E-02,5.442223439210196E+00,-8.358441659752472E-05
2332314.5,1673-Jul-23,-4.878039333883931E+00,-2.409850221196131E+00,1.193163654188124E-01,3.262588496126002E-03,-6.416158757635805E-03,-4.834113215757732E-05,3.143117638564816E-02,5.442139489812309E+00,-8.430899320201310E-05
2332315.5,1673-Jul-24,-4.874772833859581E+00,-2.416264632801844E+00,1.192678905595785E-01,3.271085631520153E-03,-6.413078418591225E-03,-4.861422145474647E-05,3.143069221475991E-02,5.442055658221710E+00,-8.377402728166453E-05
2332316.5,1673-Jul-25,-4.871496529350886E+00,-2.422675253042687E+00,1.192191854546496E-01,3.280822696109889E-03,-6.407850982580475E-03,-4.879529793544161E-05,3.143020256204433E-02,5.441970877482133E+00,-8.529845582720477E-05
2332317.5,1673-Jul-26,-4.868211399447827E+00,-2.429081275127486E+00,1.191702641056287E-01,3.290091452695694E-03,-6.404128075813607E-03,-4.903492767712428E-05,3.142971043266823E-02,5.441885667922082E+00,-8.573436792210670E-05
2332318.5,1673-Jul-27,-4.864916669455836E+00,-2.435482558661872E+00,1.191211443126372E-01,3.298799813869968E-03,-6.398780857088107E-03,-4.922615318956011E-05,3.142921146447915E-02,5.441799274258266E+00,-8.639254804531404E-05
2332319.5,1673-Jul-28,-4.861613077268647E+00,-2.441879470772202E+00,1.190717982113293E-01,3.308754780540950E-03,-6.394378996109592E-03,-4.943723102922836E-05,3.142871041666997E-02,5.441712520519393E+00,-8.774246890347010E-05
2332320.5,1673-Jul-29,-4.858300350428706E+00,-2.448270802770536E+00,1.190222712593344E-01,3.316402505343916E-03,-6.389024787423644E-03,-4.964642611110160E-05,3.142820275343108E-02,5.441624621354372E+00,-8.746021127154600E-05
2332321.5,1673-Jul-30,-4.854979376966423E+00,-2.454657807101767E+00,1.189725105203200E-01,3.325443951043990E-03,-6.384441283123186E-03,-4.985671354757865E-05,3.142769628957884E-02,5.441536929856714E+00,-8.807709044893464E-05
2332322.5,1673-Jul-31,-4.851650199756315E+00,-2.461040264410541E+00,1.189225255879183E-01,3.333444487261142E-03,-6.381048899253074E-03,-5.012648488929006E-05,3.142719067340804E-02,5.441449385130546E+00,-8.722850785705178E-05
2332323.5,1673-Aug-01,-4.848311596028200E+00,-2.467418995662882E+00,1.188723022501008E-01,3.343160339792661E-03,-6.375935163340034E-03,-5.031208145461818E-05,3.142668175538701E-02,5.441361268706736E+00,-8.868373092353187E-05
2332324.5,1673-Aug-02,-4.844964344778709E+00,-2.473793013978104E+00,1.188218640365310E-01,3.351991682946812E-03,-6.372229591362185E-03,-5.055872031187739E-05,3.142617097763944E-02,5.441272830281254E+00,-8.871281366377770E-05
2332325.5,1673-Aug-03,-4.841607655983143E+00,-2.480162474706880E+00,1.187712190405693E-01,3.360751313107358E-03,-6.366875301042469E-03,-5.074800085218292E-05,3.142565468659513E-02,5.441183437258031E+00,-8.942567221785647E-05
2332326.5,1673-Aug-04,-4.838242310504951E+00,-2.486527582112182E+00,1.187203449233800E-01,3.370476108429147E-03,-6.362810048316266E-03,-5.097396810595484E-05,3.142513743697362E-02,5.441093878262317E+00,-9.040995938518682E-05
2332327.5,1673-Aug-05,-4.834867699121259E+00,-2.492887309802155E+00,1.186692846016612E-01,3.378278472806774E-03,-6.357294659985998E-03,-5.117594543586546E-05,3.142461339611190E-02,5.441003143399808E+00,-9.034791639259966E-05
2332328.5,1673-Aug-06,-4.831484919363971E+00,-2.499242703827068E+00,1.186179883841764E-01,3.387359086105391E-03,-6.352940083909011E-03,-5.139508186565622E-05,3.142409095199144E-02,5.440912685004477E+00,-9.089128943666099E-05
2332329.5,1673-Aug-07,-4.828093801597563E+00,-2.505593518270298E+00,1.185664699204634E-01,3.395249312729087E-03,-6.349363139923172E-03,-5.166119226076154E-05,3.142356858326419E-02,5.440822239663077E+00,-9.002027575126417E-05
2332330.5,1673-Aug-08,-4.824693313411186E+00,-2.511940751713009E+00,1.185147052616644E-01,3.405270648168041E-03,-6.344465055384732E-03,-5.185237009828795E-05,3.142304365953834E-02,5.440731351937383E+00,-9.164420042784304E-05
2332331.5,1673-Aug-09,-4.821283953162150E+00,-2.518283149972780E+00,1.184627304006553E-01,3.414039216399632E-03,-6.340619993851389E-03,-5.209840148518349E-05,3.142251541216566E-02,5.440639888740079E+00,-9.167078279138025E-05
2332332.5,1673-Aug-10,-4.817865015855641E+00,-2.524621013001462E+00,1.184105466106729E-01,3.423169020220654E-03,-6.335097666024705E-03,-5.227948990067624E-05,3.142198103803464E-02,5.440547364727453E+00,-9.279140276731853E-05
2332333.5,1673-Aug-11,-4.814437346076607E+00,-2.530954249280188E+00,1.183581412155586E-01,3.432811785358837E-03,-6.331002623170050E-03,-5.250924092043446E-05,3.142144461874544E-02,5.440454486606666E+00,-9.370433436659432E-05
2332334.5,1673-Aug-12,-4.811000171947253E+00,-2.537281998703600E+00,1.183055528751606E-01,3.440901418697051E-03,-6.325004957946345E-03,-5.269425738497037E-05,3.142089990203916E-02,5.440360171832646E+00,-9.412798097475001E-05
2332335.5,1673-Aug-13,-4.807554885000796E+00,-2.543605008694116E+00,1.182527378474041E-01,3.449900841245769E-03,-6.320503533361022E-03,-5.291341971665184E-05,3.142035599592516E-02,5.440265997408327E+00,-9.466087764259970E-05
2332336.5,1673-Aug-14,-4.804101247787531E+00,-2.549923085643459E+00,1.181997100487160E-01,3.457545186547960E-03,-6.316387491702691E-03,-5.316656453987794E-05,3.141981116063901E-02,5.440171662102840E+00,-9.381673340987404E-05
2332337.5,1673-Aug-15,-4.800638577519465E+00,-2.556237411202260E+00,1.181464348707309E-01,3.467506961158024E-03,-6.311525650486727E-03,-5.336197008265136E-05,3.141926511130953E-02,5.440077116592265E+00,-9.536523314279276E-05
2332338.5,1673-Aug-16,-4.797167125467841E+00,-2.562546644409016E+00,1.180929554429374E-01,3.475875641451221E-03,-6.307389682984063E-03,-5.360513704114587E-05,3.141871550901291E-02,5.439981955904499E+00,-9.516694826010963E-05
2332339.5,1673-Aug-17,-4.793686364970594E+00,-2.568851331762211E+00,1.180392625663851E-01,3.485000160085387E-03,-6.301807444193979E-03,-5.378432927338181E-05,3.141816115728061E-02,5.439885972877436E+00,-9.631451265197396E-05
2332340.5,1673-Aug-18,-4.790197122729108E+00,-2.575151222304318E+00,1.179853507519321E-01,3.494192545032517E-03,-6.297801758380369E-03,-5.402342468379272E-05,3.141760558545125E-02,5.439789778597120E+00,-9.677821638149364E-05
2332341.5,1673-Aug-19,-4.786698466271278E+00,-2.581445786584823E+00,1.179312492070519E-01,3.502375970526715E-03,-6.291673220297414E-03,-5.420242189019098E-05,3.141704260501988E-02,5.439692301557127E+00,-9.735780836210864E-05
2332342.5,1673-Aug-20,-4.783191905442343E+00,-2.587735512460085E+00,1.178769212589373E-01,3.511128725488261E-03,-6.287361291982453E-03,-5.443205170589752E-05,3.141648121742737E-02,5.439595100308634E+00,-9.757908018455363E-05
2332343.5,1673-Aug-21,-4.779677025102513E+00,-2.594020351758076E+00,1.178223787187480E-01,3.518619412416885E-03,-6.283064139899073E-03,-5.468047144053604E-05,3.141591917614040E-02,5.439497785876455E+00,-9.668368647731519E-05
2332344.5,1673-Aug-22,-4.776153373626571E+00,-2.600301585680177E+00,1.177675800460356E-01,3.528608150201392E-03,-6.278606662474968E-03,-5.488999741410489E-05,3.141535771833905E-02,5.439400572471678E+00,-9.805623166610046E-05
2332345.5,1673-Aug-23,-4.772620797388797E+00,-2.606577806942907E+00,1.177125756765336E-01,3.536891445048261E-03,-6.274393882383870E-03,-5.513296524223174E-05,3.141479220326371E-02,5.439302656571683E+00,-9.781321243528392E-05
2332346.5,1673-Aug-24,-4.769078897554694E+00,-2.612849658851888E+00,1.176573503190718E-01,3.546341769574514E-03,-6.268954001539559E-03,-5.531393441453702E-05,3.141422239414332E-02,5.439203997180840E+00,-9.917948724708760E-05
2332347.5,1673-Aug-25,-4.765528366936694E+00,-2.619116616175297E+00,1.176019099956678E-01,3.555441982772853E-03,-6.264973722818303E-03,-5.555743952109436E-05,3.141365035453244E-02,5.439104951592539E+00,-9.953779424871727E-05
2332348.5,1673-Aug-26,-4.761968187358445E+00,-2.625378360577344E+00,1.175462764757927E-01,3.564102738225376E-03,-6.258651462973972E-03,-5.572616082643570E-05,3.141307005100372E-02,5.439004475151219E+00,-1.006371926750401E-04
2332349.5,1673-Aug-27,-4.758399958283480E+00,-2.631634956359890E+00,1.174904255672089E-01,3.572846813535848E-03,-6.254237885171980E-03,-5.595667495944417E-05,3.141248974718031E-02,5.438903998658875E+00,-1.008911828859143E-04
2332350.5,1673-Aug-28,-4.754823220328222E+00,-2.637886438014445E+00,1.174343669287104E-01,3.580418308442959E-03,-6.249420476279513E-03,-5.618902742343995E-05,3.141190721028696E-02,5.438803135522458E+00,-1.003149224037470E-04
2332351.5,1673-Aug-29,-4.751237881143381E+00,-2.644134049060911E+00,1.173780555694572E-01,3.590383336026366E-03,-6.244998728857446E-03,-5.640370189334014E-05,3.141132545544482E-02,5.438702407794010E+00,-1.016367607654613E-04
2332352.5,1673-Aug-30,-4.747643512788193E+00,-2.650376391743883E+00,1.173215455762798E-01,3.598520302083314E-03,-6.240318146393679E-03,-5.663572703212132E-05,3.141073841903944E-02,5.438600765591232E+00,-1.014864466926800E-04
2332353.5,1673-Aug-31,-4.744040008779002E+00,-2.656614189084364E+00,1.172648149983802E-01,3.608025007175489E-03,-6.234782727785756E-03,-5.681488595052854E-05,3.141014760004829E-02,5.438498468454033E+00,-1.029447956195159E-04
2332354.5,1673-Sep-01,-4.740427979856149E+00,-2.662846761795555E+00,1.172078779197315E-01,3.616705254960197E-03,-6.230575303900993E-03,-5.705778056326389E-05,3.140955416827722E-02,5.438395718928015E+00,-1.030361091265076E-04
2332355.5,1673-Sep-02,-4.736806468108088E+00,-2.669074124585908E+00,1.171507438601478E-01,3.625483920990306E-03,-6.224087778214996E-03,-5.722014053138988E-05,3.140895334204408E-02,5.438291689090576E+00,-1.043282456049401E-04
2332356.5,1673-Sep-03,-4.733177095230254E+00,-2.675296044177221E+00,1.170933989140435E-01,3.633827526808878E-03,-6.219615374346069E-03,-5.745540654560073E-05,3.140835261437726E-02,5.438187676319367E+00,-1.042561406853208E-04
2332357.5,1673-Sep-04,-4.729539373820649E+00,-2.681512800370764E+00,1.170358453861138E-01,3.641240188747865E-03,-6.214512394383496E-03,-5.767947042203421E-05,3.140775031722733E-02,5.438083391800581E+00,-1.036844846939034E-04
2332358.5,1673-Sep-05,-4.725893473019990E+00,-2.687725640196395E+00,1.169780353080316E-01,3.650897342573003E-03,-6.210427096780245E-03,-5.790983936293037E-05,3.140715084774137E-02,5.437979596876636E+00,-1.045612522903388E-04
2332359.5,1673-Sep-06,-4.722238587347388E+00,-2.693933338511781E+00,1.169200220127701E-01,3.658870067484841E-03,-6.205631151254247E-03,-5.813987576646484E-05,3.140654668501496E-02,5.437874989343296E+00,-1.043235621566107E-04
2332360.5,1673-Sep-07,-4.718574779280950E+00,-2.700136661318508E+00,1.168617791845939E-01,3.668445393065658E-03,-6.200415285442023E-03,-5.832901288766336E-05,3.140594033837863E-02,5.437770003677676E+00,-1.056833435586288E-04
2332361.5,1673-Sep-08,-4.714902393087618E+00,-2.706334798385380E+00,1.168033296559552E-01,3.676920772249514E-03,-6.196238835224704E-03,-5.857584362051574E-05,3.140533122329586E-02,5.437664538670411E+00,-1.055724601779022E-04
2332362.5,1673-Sep-09,-4.711220484225103E+00,-2.712528004082484E+00,1.167446733114646E-01,3.686112071354796E-03,-6.189894320331396E-03,-5.873854322554876E-05,3.140471534393720E-02,5.437557902465088E+00,-1.071588448339304E-04
2332363.5,1673-Sep-10,-4.707530524384772E+00,-2.718715644662801E+00,1.166858110886176E-01,3.694407764590737E-03,-6.185410197419125E-03,-5.897682025111345E-05,3.140409824313609E-02,5.437451054773555E+00,-1.070442016301466E-04
2332364.5,1673-Sep-11,-4.703832017277128E+00,-2.724898120847868E+00,1.166267404840382E-01,3.702096363982912E-03,-6.180014402798882E-03,-5.918908243234826E-05,3.140347858566890E-02,5.437343764409014E+00,-1.068596781590660E-04
2332365.5,1673-Sep-12,-4.700125374228220E+00,-2.731076478907911E+00,1.165674170569406E-01,3.711706823563926E-03,-6.176055438057149E-03,-5.942773192529575E-05,3.140286145369807E-02,5.437236911320613E+00,-1.076162452685223E-04
2332366.5,1673-Sep-13,-4.696409513599566E+00,-2.737249622565428E+00,1.165078929112324E-01,3.719821092811776E-03,-6.170857910399413E-03,-5.964531940286820E-05,3.140223828537698E-02,5.437129013070565E+00,-1.076990875334822E-04
2332367.5,1673-Sep-14,-4.692684769209554E+00,-2.743418202292592E+00,1.164481414097360E-01,3.729530091106085E-03,-6.165634139141169E-03,-5.983590481424045E-05,3.140161264330972E-02,5.437020686504643E+00,-1.091708019842991E-04
2332368.5,1673-Sep-15,-4.688951320826786E+00,-2.749581289777978E+00,1.163881927387273E-01,3.737816700749265E-03,-6.161057576985455E-03,-6.007418557059683E-05,3.140098273084566E-02,5.436911620542436E+00,-1.090883730223802E-04
2332369.5,1673-Sep-16,-4.685208441087258E+00,-2.755739348090237E+00,1.163280364523616E-01,3.747238738429182E-03,-6.154591417830976E-03,-6.023221553644379E-05,3.140034627759612E-02,5.436801422078331E+00,-1.109386705641770E-04
2332370.5,1673-Sep-17,-4.681457495498136E+00,-2.761891432051422E+00,1.162676859280794E-01,3.755221777387076E-03,-6.149778916424287E-03,-6.046644385785365E-05,3.139970731644885E-02,5.436690789385195E+00,-1.107143583377424E-04
2332371.5,1673-Sep-18,-4.677698134413716E+00,-2.768038157389887E+00,1.162071296514596E-01,3.762887395811589E-03,-6.143992863287262E-03,-6.066664769751722E-05,3.139906589826338E-02,5.436579731269081E+00,-1.107119905956882E-04
2332372.5,1673-Sep-19,-4.673931015820246E+00,-2.774180446269216E+00,1.161463254734332E-01,3.772013975248915E-03,-6.140100977005347E-03,-6.091518998392546E-05,3.139842799855690E-02,5.436469282358718E+00,-1.110022123985797E-04
2332373.5,1673-Sep-20,-4.670154840109028E+00,-2.780317539758743E+00,1.160853173138453E-01,3.779975986620663E-03,-6.134649861074094E-03,-6.112614140642644E-05,3.139778493956166E-02,5.436357940145198E+00,-1.110843683509837E-04
2332374.5,1673-Sep-21,-4.666370140933805E+00,-2.786450039591335E+00,1.160240776266890E-01,3.789473982865009E-03,-6.129681231123853E-03,-6.132841360562542E-05,3.139714115196750E-02,5.436246471778690E+00,-1.122379770909686E-04
2332375.5,1673-Sep-22,-4.662576826872560E+00,-2.792577067744217E+00,1.159626397442289E-01,3.797450203516214E-03,-6.124997850751119E-03,-6.156613650366040E-05,3.139649359501308E-02,5.436134350767679E+00,-1.119387628359268E-04
2332376.5,1673-Sep-23,-4.658774313663372E+00,-2.798699306219176E+00,1.159009833907773E-01,3.807023487673414E-03,-6.118854314867811E-03,-6.173278895423359E-05,3.139584139929464E-02,5.436021426579578E+00,-1.137568733509639E-04
2332377.5,1673-Sep-24,-4.654963647807316E+00,-2.804815562845647E+00,1.158391343231328E-01,3.814821564216050E-03,-6.114022906734748E-03,-6.196965884444755E-05,3.139518620880757E-02,5.435907983863364E+00,-1.133808036039567E-04
2332378.5,1673-Sep-25,-4.651144547164597E+00,-2.810926605974493E+00,1.157770739217317E-01,3.822730019129405E-03,-6.108201192102073E-03,-6.216566487434561E-05,3.139452890399016E-02,5.435794175062198E+00,-1.136102613748802E-04
2332379.5,1673-Sep-26,-4.647317745314443E+00,-2.817033111084358E+00,1.157147676557680E-01,3.831652784539744E-03,-6.104501254248012E-03,-6.242508772600724E-05,3.139387512575995E-02,5.435680976870678E+00,-1.136102958860617E-04
2332380.5,1673-Sep-27,-4.643481724546056E+00,-2.823134587619880E+00,1.156522522120410E-01,3.839888421328920E-03,-6.098886280322770E-03,-6.262848283118368E-05,3.139321592475948E-02,5.435566839755594E+00,-1.140116657855679E-04
2332381.5,1673-Sep-28,-4.639637157317177E+00,-2.829231392832502E+00,1.155895055738986E-01,3.849477831195689E-03,-6.094081722180213E-03,-6.283821666687420E-05,3.139255570205234E-02,5.435452525737482E+00,-1.151470826830549E-04
2332382.5,1673-Sep-29,-4.635783718021857E+00,-2.835322627363850E+00,1.155265652135555E-01,3.857510293700315E-03,-6.089048689215778E-03,-6.306544648451438E-05,3.139189016269798E-02,5.435337291170442E+00,-1.150713534219842E-04
2332383.5,1673-Sep-30,-4.631921080131557E+00,-2.841409013264371E+00,1.154634054092462E-01,3.867381718081399E-03,-6.082969553932953E-03,-6.323348432554731E-05,3.139121987700034E-02,5.435221234799536E+00,-1.171072000344032E-04
2332384.5,1673-Oct-01,-4.628050030138928E+00,-2.847489102455674E+00,1.154000639472731E-01,3.875109102440151E-03,-6.077705850615517E-03,-6.346032745895514E-05,3.139054435478313E-02,5.435104271753374E+00,-1.168921358012733E-04
2332385.5,1673-Oct-02,-4.624170538790554E+00,-2.853563748163405E+00,1.153365153817243E-01,3.883213957757279E-03,-6.071540113677638E-03,-6.364470479882202E-05,3.138986601792271E-02,5.434986821366846E+00,-1.174717427713066E-04
2332386.5,1673-Oct-03,-4.620283487522490E+00,-2.859633384724285E+00,1.152727327368564E-01,3.891710718449353E-03,-6.067635040986913E-03,-6.390553112743246E-05,3.138919050959076E-02,5.434869860724843E+00,-1.171990540104405E-04
2332387.5,1673-Oct-04,-4.616387342072174E+00,-2.865697895532009E+00,1.152087403256060E-01,3.899963388898536E-03,-6.061674983159333E-03,-6.409846060503173E-05,3.138850994778981E-02,5.434752025101806E+00,-1.177969262191869E-04
2332388.5,1673-Oct-05,-4.612482943404776E+00,-2.871757460218514E+00,1.151445203878834E-01,3.909222228833301E-03,-6.056908211993523E-03,-6.431569705340052E-05,3.138782901437778E-02,5.434634125136303E+00,-1.186197808478374E-04
2332389.5,1673-Oct-06,-4.608569792709054E+00,-2.877811353093602E+00,1.150801080894995E-01,3.916998893609535E-03,-6.051549880985475E-03,-6.453484716842856E-05,3.138714305836662E-02,5.434515355534723E+00,-1.184963999380897E-04
2332390.5,1673-Oct-07,-4.604647823879775E+00,-2.883860405132339E+00,1.150154710189643E-01,3.926759741629276E-03,-6.045742907543212E-03,-6.471360242971165E-05,3.138645429856535E-02,5.434396100471931E+00,-1.202912268258167E-04
2332391.5,1673-Oct-08,-4.600717461952978E+00,-2.889903117745073E+00,1.149506538636201E-01,3.934214572136943E-03,-6.040293481384003E-03,-6.493778249560112E-05,3.138576023273425E-02,5.434275926698553E+00,-1.199444721806285E-04
2332392.5,1673-Oct-09,-4.596778863146033E+00,-2.895940470303417E+00,1.148856237980186E-01,3.942384775803142E-03,-6.034200736376684E-03,-6.512330841980560E-05,3.138506461716201E-02,5.434155484595815E+00,-1.205461682429214E-04
2332393.5,1673-Oct-10,-4.592832858874278E+00,-2.901972705323191E+00,1.148203619945603E-01,3.950457233807107E-03,-6.030387652446313E-03,-6.539282972339687E-05,3.138437225626658E-02,5.434035606022897E+00,-1.198515977238919E-04
2332394.5,1673-Oct-11,-4.588877845811178E+00,-2.908000088457550E+00,1.147548799001591E-01,3.958902609026353E-03,-6.024487335052254E-03,-6.558507638478998E-05,3.138367614753836E-02,5.433915078532848E+00,-1.205828525355702E-04
2332395.5,1673-Oct-12,-4.584914638152934E+00,-2.914022539169574E+00,1.146891683657074E-01,3.968044835467857E-03,-6.019988360633007E-03,-6.581447456198730E-05,3.138298002835948E-02,5.433794549233322E+00,-1.211516710744001E-04
2332396.5,1673-Oct-13,-4.580942502220516E+00,-2.920039458781676E+00,1.146232611406429E-01,3.975974809821694E-03,-6.014461912459210E-03,-6.602632654949869E-05,3.138227848119762E-02,5.433673080107678E+00,-1.212465360921421E-04
2332397.5,1673-Oct-14,-4.576961572185030E+00,-2.926051587163736E+00,1.145571256973169E-01,3.985922814717616E-03,-6.008956866074147E-03,-6.621498392720291E-05,3.138157446262647E-02,5.433551183070784E+00,-1.230287804784112E-04
2332398.5,1673-Oct-15,-4.572971890427842E+00,-2.932057321852070E+00,1.144908146423084E-01,3.993517688655424E-03,-6.003172196014459E-03,-6.642870296154018E-05,3.138086321038608E-02,5.433428033562880E+00,-1.229803016943961E-04
2332399.5,1673-Oct-16,-4.568973869066759E+00,-2.938057573969220E+00,1.144242927214988E-01,4.002016604493659E-03,-5.996960554994866E-03,-6.660895935268472E-05,3.138014955571682E-02,5.433304468087315E+00,-1.239237736672159E-04
2332400.5,1673-Oct-17,-4.564968321817481E+00,-2.944052308115560E+00,1.143575515548463E-01,4.009846259918107E-03,-5.992824034724134E-03,-6.687388284868651E-05,3.137943733675247E-02,5.433181151196349E+00,-1.231840491242678E-04
2332401.5,1673-Oct-18,-4.560953789698834E+00,-2.950042098956886E+00,1.142905896326279E-01,4.018528908876330E-03,-5.986673149142750E-03,-6.705720015242430E-05,3.137872127245702E-02,5.433057168506942E+00,-1.242488012357790E-04
2332402.5,1673-Oct-19,-4.556931127453679E+00,-2.956026584900810E+00,1.142234070548767E-01,4.027409428259813E-03,-5.982031430018187E-03,-6.728870660955773E-05,3.137800438756563E-02,5.432933043735753E+00,-1.246599926162832E-04
2332403.5,1673-Oct-20,-4.552899551398931E+00,-2.962005373375114E+00,1.141560318412497E-01,4.035321368298648E-03,-5.976063518035608E-03,-6.748701767918919E-05,3.137728165926396E-02,5.432807907209437E+00,-1.249785851369801E-04
2332404.5,1673-Oct-21,-4.548859483267387E+00,-2.967979131932960E+00,1.140884310387559E-01,4.045053100877310E-03,-5.970665015765828E-03,-6.768378598768471E-05,3.137655723494696E-02,5.432682477027169E+00,-1.265104168239436E-04
2332405.5,1673-Oct-22,-4.544810659967482E+00,-2.973946362423166E+00,1.140206582862745E-01,4.052480752792359E-03,-5.964478714098951E-03,-6.788692319654774E-05,3.137582512675380E-02,5.432555716422987E+00,-1.265442080331446E-04
2332406.5,1673-Oct-23,-4.540753776967849E+00,-2.979907977337743E+00,1.139526742861340E-01,4.060907772637699E-03,-5.958275629854663E-03,-6.806901393622091E-05,3.137509156650629E-02,5.432428704403387E+00,-1.274247504720501E-04
2332407.5,1673-Oct-24,-4.536689549522100E+00,-2.985863833578087E+00,1.138844771545886E-01,4.068212165011221E-03,-5.953948896057749E-03,-6.833412294362367E-05,3.137435954705937E-02,5.432301959165142E+00,-1.263400193060695E-04
2332408.5,1673-Oct-25,-4.532616669212597E+00,-2.991814899352619E+00,1.138160498739906E-01,4.076907719681037E-03,-5.947921090409530E-03,-6.852074428383664E-05,3.137362582670666E-02,5.432174919424185E+00,-1.273485705664684E-04
2332409.5,1673-Oct-26,-4.528535844504618E+00,-2.997760624451185E+00,1.137474011271606E-01,4.085413749052583E-03,-5.943445194424989E-03,-6.876315163073609E-05,3.137289208538983E-02,5.432047876053404E+00,-1.273439171305031E-04
2332410.5,1673-Oct-27,-4.524446165130197E+00,-3.003700880031520E+00,1.136785514733214E-01,4.093411152311210E-03,-5.937449018567395E-03,-6.895825762685798E-05,3.137215353730674E-02,5.431920000416846E+00,-1.277516279599766E-04
2332411.5,1673-Oct-28,-4.520348160745542E+00,-3.009636184606111E+00,1.136094717952094E-01,4.103038768553365E-03,-5.932461919277939E-03,-6.917073023611049E-05,3.137141439554233E-02,5.431792021987552E+00,-1.289574678359390E-04
2332412.5,1673-Oct-29,-4.516241167968416E+00,-3.015565157763112E+00,1.135402162776535E-01,4.110660297213374E-03,-5.926120939812925E-03,-6.936672680697421E-05,3.137066706983133E-02,5.431662626551833E+00,-1.292431795654187E-04
2332413.5,1673-Oct-30,-4.512126063991406E+00,-3.021488533940474E+00,1.134707477631230E-01,4.119333416911120E-03,-5.920071097717525E-03,-6.955283091768042E-05,3.136991812145764E-02,5.431532950160779E+00,-1.302425950599969E-04
2332414.5,1673-Oct-31,-4.508003386635618E+00,-3.027405972909825E+00,1.134010736442976E-01,4.126537313413185E-03,-5.915456450173606E-03,-6.981142185771347E-05,3.136916903480266E-02,5.431403249827062E+00,-1.292249262499528E-04
2332415.5,1673-Nov-01,-4.503872063170183E+00,-3.033318644596112E+00,1.133311659117621E-01,4.135556008514335E-03,-5.909443463730368E-03,-6.999677490231403E-05,3.136841843006363E-02,5.431273286645237E+00,-1.304892818698232E-04
2332416.5,1673-Nov-02,-4.499732651805681E+00,-3.039225716305244E+00,1.132610446100831E-01,4.143929154180577E-03,-5.904789629569077E-03,-7.023856774722039E-05,3.136766631347937E-02,5.431143061695529E+00,-1.304587479621199E-04
2332417.5,1673-Nov-03,-4.495584285153161E+00,-3.045127237045463E+00,1.131907232422789E-01,4.152177497592378E-03,-5.898463723090877E-03,-7.042138834420278E-05,3.136690869981928E-02,5.431011884956642E+00,-1.312577527748034E-04
2332418.5,1673-Nov-04,-4.491427678752757E+00,-3.051023485458809E+00,1.131201792062304E-01,4.161624078959649E-03,-5.893471976179018E-03,-7.063902493819337E-05,3.136614992185218E-02,5.430880506624248E+00,-1.322995166016577E-04
2332419.5,1673-Nov-05,-4.487261955835148E+00,-3.056913276432001E+00,1.130494628833843E-01,4.169354683546341E-03,-5.886660775112949E-03,-7.081973068322698E-05,3.136538195884715E-02,5.430747537951836E+00,-1.329432646309130E-04
2332420.5,1673-Nov-06,-4.483088270470771E+00,-3.062797156243101E+00,1.129785395524592E-01,4.177961112482090E-03,-5.880517225417714E-03,-7.100612697454201E-05,3.136461208761242E-02,5.430614238879691E+00,-1.339368180344982E-04
2332421.5,1673-Nov-07,-4.478907059311983E+00,-3.068674737733784E+00,1.129074208865177E-01,4.184785663330855E-03,-5.875409823769488E-03,-7.125388987060962E-05,3.136384112095481E-02,5.430480750140955E+00,-1.328776355722294E-04
2332422.5,1673-Nov-08,-4.474717599868925E+00,-3.074547451367175E+00,1.128360657049193E-01,4.193709094320751E-03,-5.869444846873127E-03,-7.144265961834993E-05,3.136307027532555E-02,5.430347282357628E+00,-1.340316685072665E-04
2332423.5,1673-Nov-09,-4.470520250210488E+00,-3.080414370389936E+00,1.127645007499507E-01,4.201600752303103E-03,-5.864670960225873E-03,-7.168735061647487E-05,3.136229823926451E-02,5.430213608457429E+00,-1.336611013154705E-04
2332424.5,1673-Nov-10,-4.466314205408595E+00,-3.086275843510767E+00,1.126927285781976E-01,4.209832479411008E-03,-5.858318245351098E-03,-7.186842663846585E-05,3.136152233114537E-02,5.430079264131151E+00,-1.344635196907633E-04
2332425.5,1673-Nov-11,-4.462100213846710E+00,-3.092131990335633E+00,1.126207328001805E-01,4.218865199317146E-03,-5.853598619899853E-03,-7.210021125633312E-05,3.136074650886723E-02,5.429944934667782E+00,-1.349957954146751E-04
2332426.5,1673-Nov-12,-4.457877125930842E+00,-3.097981946737156E+00,1.125485562062339E-01,4.226714121839761E-03,-5.846738763721666E-03,-7.227673768704370E-05,3.135996248640644E-02,5.429809185386801E+00,-1.357719362879871E-04
2332427.5,1673-Nov-13,-4.453646182768847E+00,-3.103826032453441E+00,1.124761697493424E-01,4.235298923842835E-03,-5.840872299492461E-03,-7.247347303738005E-05,3.135917720188999E-02,5.429673217587656E+00,-1.365870280941006E-04
2332428.5,1673-Nov-14,-4.449407577138112E+00,-3.109663833151825E+00,1.124035893524485E-01,4.242044465213718E-03,-5.835542073796727E-03,-7.271460377186403E-05,3.135839019561436E-02,5.429536951675148E+00,-1.355887327725800E-04
2332429.5,1673-Nov-15,-4.445160861691408E+00,-3.115496875918168E+00,1.123307660977918E-01,4.251138734747252E-03,-5.829861393641098E-03,-7.291181195214516E-05,3.135760439383274E-02,5.429400894314315E+00,-1.367132058466180E-04
2332430.5,1673-Nov-16,-4.440906078023156E+00,-3.121324083013849E+00,1.122577356182839E-01,4.258945497316501E-03,-5.824973933262323E-03,-7.315589272757421E-05,3.135681644027378E-02,5.429264464384784E+00,-1.363274609116339E-04
2332431.5,1673-Nov-17,-4.436642518808749E+00,-3.127145935844748E+00,1.121844934561994E-01,4.267532123258134E-03,-5.818580233773707E-03,-7.333266573793380E-05,3.135602459843033E-02,5.429127361219664E+00,-1.374422952916599E-04
2332432.5,1673-Nov-18,-4.432370927500624E+00,-3.132962249859112E+00,1.121110341774524E-01,4.276427067841504E-03,-5.813858917397563E-03,-7.356883053913012E-05,3.135523177782581E-02,5.428990088587319E+00,-1.378448588646791E-04
2332433.5,1673-Nov-19,-4.428090035505108E+00,-3.138772405705301E+00,1.120373931003386E-01,4.284649857821962E-03,-5.806702976174560E-03,-7.373272597370909E-05,3.135442994503259E-02,5.428851255542869E+00,-1.391007154486893E-04
2332434.5,1673-Nov-20,-4.423801221304327E+00,-3.144576375713735E+00,1.119635505187392E-01,4.293249859581293E-03,-5.800738859288011E-03,-7.392974785044798E-05,3.135362550506828E-02,5.428711971080742E+00,-1.399770396154663E-04
2332435.5,1673-Nov-21,-4.419504579731504E+00,-3.150373740085970E+00,1.118895242621966E-01,4.299944006156908E-03,-5.794800645873077E-03,-7.415304449662490E-05,3.135281749261237E-02,5.428572068060864E+00,-1.392873454379954E-04
2332436.5,1673-Nov-22,-4.415200093589096E+00,-3.156166056091259E+00,1.118152589775425E-01,4.308959157960461E-03,-5.789099550712682E-03,-7.435297904831247E-05,3.135201103443257E-02,5.428432434155557E+00,-1.403482841603509E-04
2332437.5,1673-Nov-23,-4.410887584832703E+00,-3.161952237186631E+00,1.117407942469288E-01,4.316428580150913E-03,-5.783812627105140E-03,-7.458989283012106E-05,3.135120165892790E-02,5.428292295131109E+00,-1.399107954835400E-04
2332438.5,1673-Nov-24,-4.406566580414943E+00,-3.167732962356590E+00,1.116661157684685E-01,4.324996810385805E-03,-5.777325404340524E-03,-7.476443249532753E-05,3.135038943191842E-02,5.428151662383903E+00,-1.410629232300832E-04
2332439.5,1673-Nov-25,-4.402237795141826E+00,-3.173507886638168E+00,1.115912257646807E-01,4.333359068383603E-03,-5.772554691199966E-03,-7.500608893926374E-05,3.134957655337681E-02,5.428010916827405E+00,-1.410460047559470E-04
2332440.5,1673-Nov-26,-4.397899915600870E+00,-3.179276794220653E+00,1.115161466281989E-01,4.341638885275346E-03,-5.765334265800694E-03,-7.516620809228344E-05,3.134875615025329E-02,5.427868868429939E+00,-1.423914448845659E-04
2332441.5,1673-Nov-27,-4.393554323693288E+00,-3.185039413098625E+00,1.114408669705365E-01,4.349951697991828E-03,-5.759524381075986E-03,-7.537260448746063E-05,3.134793377442010E-02,5.427726478468380E+00,-1.429395028668278E-04
2332442.5,1673-Nov-28,-4.389200939487668E+00,-3.190795461915958E+00,1.113654025036613E-01,4.356536847728300E-03,-5.753336843755892E-03,-7.558762713870236E-05,3.134710809030896E-02,5.427583515696252E+00,-1.423123895410077E-04
2332443.5,1673-Nov-29,-4.384840039813211E+00,-3.196546493188902E+00,1.112896942143853E-01,4.365404818410533E-03,-5.747996832396420E-03,-7.580150142326358E-05,3.134628565094141E-02,5.427441114734062E+00,-1.430321637408958E-04
2332444.5,1673-Nov-30,-4.380471082008877E+00,-3.202291489706683E+00,1.112137840294515E-01,4.372728659873633E-03,-5.742624264090179E-03,-7.603748066055021E-05,3.134546047807049E-02,5.427298240480434E+00,-1.425223041460591E-04
2332445.5,1673-Dec-01,-4.376093731749209E+00,-3.208031220579388E+00,1.111376515347941E-01,4.381507120859504E-03,-5.736371974434142E-03,-7.621765421684777E-05,3.134463363957956E-02,5.427155077833640E+00,-1.437025661284240E-04
2332446.5,1673-Dec-02,-4.371708513010999E+00,-3.213765112216898E+00,1.110613098038143E-01,4.389679406306932E-03,-5.731635726065929E-03,-7.646381531162464E-05,3.134380563374401E-02,5.427011713067392E+00,-1.434970311894495E-04
2332447.5,1673-Dec-03,-4.367314093176878E+00,-3.219493222035020E+00,1.109847711448125E-01,4.398397686775911E-03,-5.724447089739328E-03,-7.662036826175705E-05,3.134297046810478E-02,5.426867108619565E+00,-1.451793968428551E-04
2332448.5,1673-Dec-04,-4.362911770438513E+00,-3.225214889489081E+00,1.109080376348973E-01,4.406745758214030E-03,-5.718636790541117E-03,-7.682948103306838E-05,3.134213192634478E-02,5.426721919614550E+00,-1.457475492753425E-04
2332449.5,1673-Dec-05,-4.358501373217289E+00,-3.230929875673223E+00,1.108311240864505E-01,4.413585240346570E-03,-5.711984741761600E-03,-7.702747848911949E-05,3.134128838594380E-02,5.426575865121674E+00,-1.456041970075197E-04
2332450.5,1673-Dec-06,-4.354083536494740E+00,-3.236639539846673E+00,1.107539733194385E-01,4.422415698736826E-03,-5.706660139636183E-03,-7.724552615109013E-05,3.134044745666557E-02,5.426430262730690E+00,-1.462694160811833E-04
2332451.5,1673-Dec-07,-4.349657493103571E+00,-3.242342945973275E+00,1.106766275155447E-01,4.429697771734033E-03,-5.700807674968395E-03,-7.746853900208840E-05,3.133960236970827E-02,5.426283940459890E+00,-1.460057230789159E-04
2332452.5,1673-Dec-08,-4.345223204700905E+00,-3.248040874189958E+00,1.105990614371021E-01,4.438546200274691E-03,-5.694471009092938E-03,-7.764759586282148E-05,3.133875564356280E-02,5.426137334372457E+00,-1.472847169403103E-04
2332453.5,1673-Dec-09,-4.340781089724965E+00,-3.253732601640218E+00,1.105212961740716E-01,4.446326283382102E-03,-5.689394808655978E-03,-7.788895152359608E-05,3.133790672757199E-02,5.425990349125058E+00,-1.469534617093738E-04
2332454.5,1673-Dec-10,-4.336329989226135E+00,-3.259418517112972E+00,1.104433307074735E-01,4.455150669391630E-03,-5.682112126068815E-03,-7.804165571531224E-05,3.133705161923050E-02,5.425842291705373E+00,-1.487771135198926E-04
2332455.5,1673-Dec-11,-4.331871113191351E+00,-3.265097706380817E+00,1.103651774683408E-01,4.463142172131407E-03,-5.676186713000426E-03,-7.825303054299191E-05,3.133619274368438E-02,5.425693582014429E+00,-1.491217351824904E-04
2332456.5,1673-Dec-12,-4.327404272065111E+00,-3.270770133633718E+00,1.102868448336343E-01,4.469931611905799E-03,-5.669184320305549E-03,-7.843927847186007E-05,3.133532909250632E-02,5.425544045448444E+00,-1.491561417684309E-04
2332457.5,1673-Dec-13,-4.322930387798988E+00,-3.276437030696802E+00,1.102082771705931E-01,4.478342424022012E-03,-5.664042292079527E-03,-7.866895000381751E-05,3.133446918913915E-02,5.425395157795799E+00,-1.493632423906149E-04
2332458.5,1673-Dec-14,-4.318448431949370E+00,-3.282097733014143E+00,1.101295112690177E-01,4.485422024294094E-03,-5.658009357006736E-03,-7.888764870392850E-05,3.133360598882587E-02,5.425245699294631E+00,-1.490461310796364E-04
2332459.5,1673-Dec-15,-4.313958550127539E+00,-3.287753049540117E+00,1.100505179311851E-01,4.494188830043155E-03,-5.651983264288327E-03,-7.907802036344036E-05,3.133274299163922E-02,5.425096275963751E+00,-1.500658517054681E-04
2332460.5,1673-Dec-16,-4.309460884172352E+00,-3.293402200142034E+00,1.099713247722976E-01,4.501659013084280E-03,-5.646879575202582E-03,-7.932152770397086E-05,3.133187813269079E-02,5.424946530278810E+00,-1.494947282553607E-04
2332461.5,1673-Dec-17,-4.304954379274283E+00,-3.299045845051126E+00,1.098919195542676E-01,4.510736460463551E-03,-5.639904936424971E-03,-7.948078899776705E-05,3.133100889548245E-02,5.424796026521665E+00,-1.513317781324294E-04
2332462.5,1673-Dec-18,-4.300439959594012E+00,-3.304682786258534E+00,1.098123276160456E-01,4.518653901130574E-03,-5.634057725363724E-03,-7.969704945315428E-05,3.133013532689165E-02,5.424644772808895E+00,-1.515634610447926E-04
2332463.5,1673-Dec-19,-4.295917379572169E+00,-3.310313090558069E+00,1.097325533048724E-01,4.525803616146150E-03,-5.626881403689641E-03,-7.987339678025182E-05,3.132925653278855E-02,5.424492614326720E+00,-1.519965113554483E-04
2332464.5,1673-Dec-20,-4.291387743369251E+00,-3.315937671678767E+00,1.096525493410965E-01,4.534118083654210E-03,-5.621849277546470E-03,-8.011025672801025E-05,3.132838077695788E-02,5.424340981905105E+00,-1.520445089820080E-04
2332465.5,1673-Dec-21,-4.286849825910453E+00,-3.321556056639820E+00,1.095723479349581E-01,4.541397334250859E-03,-5.615488942591285E-03,-8.031729224887162E-05,3.132750079808149E-02,5.424188618285792E+00,-1.520831364484626E-04
2332466.5,1673-Dec-22,-4.282303999135969E+00,-3.327168893034478E+00,1.094919213491472E-01,4.550278622746265E-03,-5.609513137746241E-03,-8.051114681568854E-05,3.132662059170858E-02,5.424036215276676E+00,-1.531505346898234E-04
2332467.5,1673-Dec-23,-4.277750212342228E+00,-3.332775310735640E+00,1.094113034769599E-01,4.557629123024739E-03,-5.603982770777702E-03,-8.074389877075362E-05,3.132573685829305E-02,5.423883201579062E+00,-1.527351886064790E-04
2332468.5,1673-Dec-24,-4.273187701216924E+00,-3.338376130789990E+00,1.093304726553867E-01,4.566909173441582E-03,-5.597000919211986E-03,-8.090240948811196E-05,3.132484903675607E-02,5.423729480045163E+00,-1.547294977698073E-04
2332469.5,1673-Dec-25,-4.268617180871052E+00,-3.343969927192705E+00,1.092494651188376E-01,4.574623021753698E-03,-5.590834069909638E-03,-8.111326896830259E-05,3.132395533069048E-02,5.423574739636716E+00,-1.549891078423658E-04
2332470.5,1673-Dec-26,-4.264038531288612E+00,-3.349556911861979E+00,1.091682782769051E-01,4.581912101499009E-03,-5.583277682067770E-03,-8.127621167402690E-05,3.132305594170583E-02,5.423419015261336E+00,-1.557718809242957E-04
2332471.5,1673-Dec-27,-4.259453068518654E+00,-3.355137736197864E+00,1.090868723058906E-01,4.589752862867937E-03,-5.578130144793528E-03,-8.151673754795564E-05,3.132215915930447E-02,5.423263742201866E+00,-1.555031094362338E-04
2332472.5,1673-Dec-28,-4.254859501753502E+00,-3.360712288634416E+00,1.090052684917037E-01,4.596911701363809E-03,-5.571444161004390E-03,-8.171430381834786E-05,3.132125872780012E-02,5.423107837319795E+00,-1.556487329571971E-04
2332473.5,1673-Dec-29,-4.250258405345145E+00,-3.366281138414236E+00,1.089234392210002E-01,4.605484555393829E-03,-5.565627211988279E-03,-8.191815750019382E-05,3.132035929162147E-02,5.422952104773029E+00,-1.563643429179382E-04
2332474.5,1673-Dec-30,-4.245649494585798E+00,-3.371843524592076E+00,1.088414189680988E-01,4.612483803708254E-03,-5.559872809359227E-03,-8.214660143022417E-05,3.131945684406338E-02,5.422795850822077E+00,-1.558069630706561E-04
2332475.5,1673-Dec-31,-4.241032246216853E+00,-3.377400467372425E+00,1.087591764179410E-01,4.621714941388261E-03,-5.553257920258879E-03,-8.231702746619472E-05,3.131855268778352E-02,5.422639301015121E+00,-1.575282604322158E-04
2332476.5,1674-Jan-01,-4.236406997051305E+00,-3.382950453068115E+00,1.086767560281744E-01,4.629194822229970E-03,-5.547101188476219E-03,-8.253088597718423E-05,3.131764291984885E-02,5.422481779580253E+00,-1.575946366508014E-04
