#
# Human eye photopic luminous efficiency curve
# Sharpe, Stockman, Jagla, & Jaegle (2005) 2-deg V*(lam)
# photopic = normal light levels
# Normalized to 100% at peak, nominal peak photopic QE is 0.5%
#
# For low-light  sensitivity see the scotopic efficiency
#
lam    Vlam
390.0  4.12756E-04
390.1  4.20838E-04
390.2  4.29072E-04
390.3  4.37458E-04
390.4  4.46001E-04
390.5  4.54701E-04
390.6  4.63563E-04
390.7  4.72588E-04
390.8  4.81779E-04
390.9  4.91139E-04
391.0  5.00670E-04
391.1  5.10375E-04
391.2  5.20256E-04
391.3  5.30318E-04
391.4  5.40561E-04
391.5  5.50990E-04
391.6  5.61607E-04
391.7  5.72414E-04
391.8  5.83415E-04
391.9  5.94612E-04
392.0  6.06009E-04
392.1  6.17609E-04
392.2  6.29413E-04
392.3  6.41426E-04
392.4  6.53651E-04
392.5  6.66090E-04
392.6  6.78747E-04
392.7  6.91624E-04
392.8  7.04725E-04
392.9  7.18053E-04
393.0  7.31611E-04
393.1  7.45403E-04
393.2  7.59431E-04
393.3  7.73698E-04
393.4  7.88209E-04
393.5  8.02966E-04
393.6  8.17972E-04
393.7  8.33231E-04
393.8  8.48746E-04
393.9  8.64520E-04
394.0  8.80558E-04
394.1  8.96861E-04
394.2  9.13434E-04
394.3  9.30279E-04
394.4  9.47401E-04
394.5  9.64802E-04
394.6  9.82487E-04
394.7  1.00046E-03
394.8  1.01872E-03
394.9  1.03727E-03
395.0  1.05612E-03
395.1  1.07527E-03
395.2  1.09473E-03
395.3  1.11449E-03
395.4  1.13456E-03
395.5  1.15494E-03
395.6  1.17564E-03
395.7  1.19666E-03
395.8  1.21801E-03
395.9  1.23968E-03
396.0  1.26169E-03
396.1  1.28402E-03
396.2  1.30670E-03
396.3  1.32971E-03
396.4  1.35307E-03
396.5  1.37678E-03
396.6  1.40083E-03
396.7  1.42524E-03
396.8  1.45001E-03
396.9  1.47514E-03
397.0  1.50063E-03
397.1  1.52648E-03
397.2  1.55271E-03
397.3  1.57930E-03
397.4  1.60628E-03
397.5  1.63363E-03
397.6  1.66136E-03
397.7  1.68947E-03
397.8  1.71797E-03
397.9  1.74687E-03
398.0  1.77615E-03
398.1  1.80583E-03
398.2  1.83590E-03
398.3  1.86638E-03
398.4  1.89726E-03
398.5  1.92854E-03
398.6  1.96023E-03
398.7  1.99233E-03
398.8  2.02484E-03
398.9  2.05776E-03
399.0  2.09110E-03
399.1  2.12485E-03
399.2  2.15903E-03
399.3  2.19362E-03
399.4  2.22864E-03
399.5  2.26408E-03
399.6  2.29995E-03
399.7  2.33625E-03
399.8  2.37297E-03
399.9  2.41012E-03
400.0  2.44770E-03
400.1  2.48571E-03
400.2  2.52416E-03
400.3  2.56305E-03
400.4  2.60237E-03
400.5  2.64215E-03
400.6  2.68237E-03
400.7  2.72305E-03
400.8  2.76418E-03
400.9  2.80578E-03
401.0  2.84784E-03
401.1  2.89037E-03
401.2  2.93337E-03
401.3  2.97686E-03
401.4  3.02082E-03
401.5  3.06528E-03
401.6  3.11022E-03
401.7  3.15566E-03
401.8  3.20160E-03
401.9  3.24805E-03
402.0  3.29501E-03
402.1  3.34248E-03
402.2  3.39048E-03
402.3  3.43900E-03
402.4  3.48805E-03
402.5  3.53764E-03
402.6  3.58776E-03
402.7  3.63844E-03
402.8  3.68967E-03
402.9  3.74146E-03
403.0  3.79381E-03
403.1  3.84673E-03
403.2  3.90023E-03
403.3  3.95432E-03
403.4  4.00899E-03
403.5  4.06425E-03
403.6  4.12012E-03
403.7  4.17660E-03
403.8  4.23370E-03
403.9  4.29142E-03
404.0  4.34976E-03
404.1  4.40875E-03
404.2  4.46838E-03
404.3  4.52866E-03
404.4  4.58960E-03
404.5  4.65122E-03
404.6  4.71350E-03
404.7  4.77647E-03
404.8  4.84014E-03
404.9  4.90451E-03
405.0  4.96958E-03
405.1  5.03538E-03
405.2  5.10189E-03
405.3  5.16913E-03
405.4  5.23709E-03
405.5  5.30577E-03
405.6  5.37518E-03
405.7  5.44530E-03
405.8  5.51615E-03
405.9  5.58773E-03
406.0  5.66002E-03
406.1  5.73303E-03
406.2  5.80676E-03
406.3  5.88121E-03
406.4  5.95637E-03
406.5  6.03224E-03
406.6  6.10883E-03
406.7  6.18612E-03
406.8  6.26411E-03
406.9  6.34280E-03
407.0  6.42219E-03
407.1  6.50227E-03
407.2  6.58304E-03
407.3  6.66448E-03
407.4  6.74660E-03
407.5  6.82940E-03
407.6  6.91285E-03
407.7  6.99696E-03
407.8  7.08172E-03
407.9  7.16713E-03
408.0  7.25317E-03
408.1  7.33983E-03
408.2  7.42711E-03
408.3  7.51500E-03
408.4  7.60348E-03
408.5  7.69256E-03
408.6  7.78221E-03
408.7  7.87243E-03
408.8  7.96320E-03
408.9  8.05452E-03
409.0  8.14637E-03
409.1  8.23873E-03
409.2  8.33160E-03
409.3  8.42496E-03
409.4  8.51879E-03
409.5  8.61308E-03
409.6  8.70782E-03
409.7  8.80299E-03
409.8  8.89858E-03
409.9  8.99456E-03
410.0  9.09091E-03
410.1  9.18763E-03
410.2  9.28471E-03
410.3  9.38215E-03
410.4  9.47993E-03
410.5  9.57807E-03
410.6  9.67656E-03
410.7  9.77540E-03
410.8  9.87459E-03
410.9  9.97411E-03
411.0  1.00740E-02
411.1  1.01742E-02
411.2  1.02748E-02
411.3  1.03757E-02
411.4  1.04769E-02
411.5  1.05785E-02
411.6  1.06804E-02
411.7  1.07826E-02
411.8  1.08852E-02
411.9  1.09882E-02
412.0  1.10915E-02
412.1  1.11951E-02
412.2  1.12990E-02
412.3  1.14033E-02
412.4  1.15080E-02
412.5  1.16130E-02
412.6  1.17183E-02
412.7  1.18240E-02
412.8  1.19301E-02
412.9  1.20365E-02
413.0  1.21433E-02
413.1  1.22504E-02
413.2  1.23579E-02
413.3  1.24657E-02
413.4  1.25740E-02
413.5  1.26826E-02
413.6  1.27915E-02
413.7  1.29009E-02
413.8  1.30106E-02
413.9  1.31208E-02
414.0  1.32313E-02
414.1  1.33423E-02
414.2  1.34536E-02
414.3  1.35654E-02
414.4  1.36776E-02
414.5  1.37902E-02
414.6  1.39033E-02
414.7  1.40167E-02
414.8  1.41307E-02
414.9  1.42451E-02
415.0  1.43599E-02
415.1  1.44752E-02
415.2  1.45910E-02
415.3  1.47073E-02
415.4  1.48240E-02
415.5  1.49411E-02
415.6  1.50586E-02
415.7  1.51765E-02
415.8  1.52949E-02
415.9  1.54136E-02
416.0  1.55327E-02
416.1  1.56522E-02
416.2  1.57720E-02
416.3  1.58922E-02
416.4  1.60127E-02
416.5  1.61335E-02
416.6  1.62546E-02
416.7  1.63761E-02
416.8  1.64977E-02
416.9  1.66197E-02
417.0  1.67419E-02
417.1  1.68643E-02
417.2  1.69870E-02
417.3  1.71098E-02
417.4  1.72329E-02
417.5  1.73561E-02
417.6  1.74795E-02
417.7  1.76030E-02
417.8  1.77267E-02
417.9  1.78504E-02
418.0  1.79743E-02
418.1  1.80982E-02
418.2  1.82222E-02
418.3  1.83462E-02
418.4  1.84703E-02
418.5  1.85944E-02
418.6  1.87184E-02
418.7  1.88424E-02
418.8  1.89664E-02
418.9  1.90903E-02
419.0  1.92141E-02
419.1  1.93378E-02
419.2  1.94614E-02
419.3  1.95848E-02
419.4  1.97081E-02
419.5  1.98311E-02
419.6  1.99540E-02
419.7  2.00767E-02
419.8  2.01990E-02
419.9  2.03212E-02
420.0  2.04430E-02
420.1  2.05645E-02
420.2  2.06857E-02
420.3  2.08066E-02
420.4  2.09272E-02
420.5  2.10476E-02
420.6  2.11677E-02
420.7  2.12875E-02
420.8  2.14071E-02
420.9  2.15265E-02
421.0  2.16457E-02
421.1  2.17647E-02
421.2  2.18834E-02
421.3  2.20021E-02
421.4  2.21206E-02
421.5  2.22389E-02
421.6  2.23571E-02
421.7  2.24752E-02
421.8  2.25933E-02
421.9  2.27113E-02
422.0  2.28292E-02
422.1  2.29471E-02
422.2  2.30650E-02
422.3  2.31829E-02
422.4  2.33008E-02
422.5  2.34188E-02
422.6  2.35369E-02
422.7  2.36551E-02
422.8  2.37733E-02
422.9  2.38918E-02
423.0  2.40104E-02
423.1  2.41291E-02
423.2  2.42481E-02
423.3  2.43674E-02
423.4  2.44869E-02
423.5  2.46066E-02
423.6  2.47267E-02
423.7  2.48472E-02
423.8  2.49680E-02
423.9  2.50892E-02
424.0  2.52108E-02
424.1  2.53329E-02
424.2  2.54555E-02
424.3  2.55786E-02
424.4  2.57022E-02
424.5  2.58264E-02
424.6  2.59513E-02
424.7  2.60767E-02
424.8  2.62029E-02
424.9  2.63297E-02
425.0  2.64573E-02
425.1  2.65856E-02
425.2  2.67147E-02
425.3  2.68446E-02
425.4  2.69752E-02
425.5  2.71066E-02
425.6  2.72388E-02
425.7  2.73717E-02
425.8  2.75054E-02
425.9  2.76399E-02
426.0  2.77751E-02
426.1  2.79110E-02
426.2  2.80477E-02
426.3  2.81851E-02
426.4  2.83233E-02
426.5  2.84621E-02
426.6  2.86018E-02
426.7  2.87421E-02
426.8  2.88832E-02
426.9  2.90250E-02
427.0  2.91675E-02
427.1  2.93107E-02
427.2  2.94547E-02
427.3  2.95993E-02
427.4  2.97446E-02
427.5  2.98907E-02
427.6  3.00374E-02
427.7  3.01848E-02
427.8  3.03329E-02
427.9  3.04817E-02
428.0  3.06311E-02
428.1  3.07812E-02
428.2  3.09320E-02
428.3  3.10834E-02
428.4  3.12354E-02
428.5  3.13881E-02
428.6  3.15415E-02
428.7  3.16955E-02
428.8  3.18501E-02
428.9  3.20053E-02
429.0  3.21611E-02
429.1  3.23176E-02
429.2  3.24746E-02
429.3  3.26322E-02
429.4  3.27904E-02
429.5  3.29492E-02
429.6  3.31086E-02
429.7  3.32685E-02
429.8  3.34290E-02
429.9  3.35900E-02
430.0  3.37516E-02
430.1  3.39137E-02
430.2  3.40764E-02
430.3  3.42395E-02
430.4  3.44032E-02
430.5  3.45675E-02
430.6  3.47322E-02
430.7  3.48975E-02
430.8  3.50633E-02
430.9  3.52296E-02
431.0  3.53964E-02
431.1  3.55637E-02
431.2  3.57316E-02
431.3  3.58999E-02
431.4  3.60688E-02
431.5  3.62381E-02
431.6  3.64080E-02
431.7  3.65783E-02
431.8  3.67491E-02
431.9  3.69205E-02
432.0  3.70923E-02
432.1  3.72646E-02
432.2  3.74374E-02
432.3  3.76106E-02
432.4  3.77843E-02
432.5  3.79585E-02
432.6  3.81332E-02
432.7  3.83083E-02
432.8  3.84839E-02
432.9  3.86599E-02
433.0  3.88364E-02
433.1  3.90133E-02
433.2  3.91907E-02
433.3  3.93685E-02
433.4  3.95467E-02
433.5  3.97254E-02
433.6  3.99045E-02
433.7  4.00840E-02
433.8  4.02639E-02
433.9  4.04442E-02
434.0  4.06249E-02
434.1  4.08060E-02
434.2  4.09875E-02
434.3  4.11694E-02
434.4  4.13516E-02
434.5  4.15342E-02
434.6  4.17172E-02
434.7  4.19006E-02
434.8  4.20843E-02
434.9  4.22684E-02
435.0  4.24528E-02
435.1  4.26375E-02
435.2  4.28225E-02
435.3  4.30079E-02
435.4  4.31935E-02
435.5  4.33793E-02
435.6  4.35654E-02
435.7  4.37516E-02
435.8  4.39381E-02
435.9  4.41246E-02
436.0  4.43113E-02
436.1  4.44981E-02
436.2  4.46849E-02
436.3  4.48718E-02
436.4  4.50587E-02
436.5  4.52456E-02
436.6  4.54324E-02
436.7  4.56192E-02
436.8  4.58058E-02
436.9  4.59924E-02
437.0  4.61787E-02
437.1  4.63649E-02
437.2  4.65509E-02
437.3  4.67366E-02
437.4  4.69221E-02
437.5  4.71072E-02
437.6  4.72921E-02
437.7  4.74765E-02
437.8  4.76605E-02
437.9  4.78441E-02
438.0  4.80273E-02
438.1  4.82099E-02
438.2  4.83920E-02
438.3  4.85735E-02
438.4  4.87545E-02
438.5  4.89348E-02
438.6  4.91144E-02
438.7  4.92934E-02
438.8  4.94716E-02
438.9  4.96490E-02
439.0  4.98256E-02
439.1  5.00014E-02
439.2  5.01763E-02
439.3  5.03503E-02
439.4  5.05233E-02
439.5  5.06954E-02
439.6  5.08664E-02
439.7  5.10364E-02
439.8  5.12052E-02
439.9  5.13730E-02
440.0  5.15395E-02
440.1  5.17048E-02
440.2  5.18690E-02
440.3  5.20320E-02
440.4  5.21938E-02
440.5  5.23546E-02
440.6  5.25142E-02
440.7  5.26728E-02
440.8  5.28303E-02
440.9  5.29869E-02
441.0  5.31424E-02
441.1  5.32970E-02
441.2  5.34507E-02
441.3  5.36035E-02
441.4  5.37555E-02
441.5  5.39066E-02
441.6  5.40569E-02
441.7  5.42065E-02
441.8  5.43553E-02
441.9  5.45034E-02
442.0  5.46509E-02
442.1  5.47977E-02
442.2  5.49439E-02
442.3  5.50896E-02
442.4  5.52347E-02
442.5  5.53793E-02
442.6  5.55235E-02
442.7  5.56672E-02
442.8  5.58106E-02
442.9  5.59536E-02
443.0  5.60963E-02
443.1  5.62388E-02
443.2  5.63810E-02
443.3  5.65230E-02
443.4  5.66648E-02
443.5  5.68065E-02
443.6  5.69482E-02
443.7  5.70898E-02
443.8  5.72314E-02
443.9  5.73731E-02
444.0  5.75149E-02
444.1  5.76567E-02
444.2  5.77988E-02
444.3  5.79411E-02
444.4  5.80836E-02
444.5  5.82264E-02
444.6  5.83696E-02
444.7  5.85132E-02
444.8  5.86572E-02
444.9  5.88017E-02
445.0  5.89468E-02
445.1  5.90923E-02
445.2  5.92385E-02
445.3  5.93852E-02
445.4  5.95324E-02
445.5  5.96801E-02
445.6  5.98283E-02
445.7  5.99770E-02
445.8  6.01262E-02
445.9  6.02758E-02
446.0  6.04258E-02
446.1  6.05762E-02
446.2  6.07269E-02
446.3  6.08781E-02
446.4  6.10296E-02
446.5  6.11814E-02
446.6  6.13335E-02
446.7  6.14859E-02
446.8  6.16386E-02
446.9  6.17915E-02
447.0  6.19447E-02
447.1  6.20981E-02
447.2  6.22516E-02
447.3  6.24053E-02
447.4  6.25592E-02
447.5  6.27132E-02
447.6  6.28673E-02
447.7  6.30215E-02
447.8  6.31757E-02
447.9  6.33300E-02
448.0  6.34843E-02
448.1  6.36386E-02
448.2  6.37928E-02
448.3  6.39470E-02
448.4  6.41012E-02
448.5  6.42552E-02
448.6  6.44091E-02
448.7  6.45629E-02
448.8  6.47165E-02
448.9  6.48700E-02
449.0  6.50232E-02
449.1  6.51761E-02
449.2  6.53289E-02
449.3  6.54813E-02
449.4  6.56334E-02
449.5  6.57852E-02
449.6  6.59366E-02
449.7  6.60876E-02
449.8  6.62382E-02
449.9  6.63884E-02
450.0  6.65381E-02
450.1  6.66873E-02
450.2  6.68361E-02
450.3  6.69844E-02
450.4  6.71325E-02
450.5  6.72802E-02
450.6  6.74277E-02
450.7  6.75749E-02
450.8  6.77220E-02
450.9  6.78690E-02
451.0  6.80159E-02
451.1  6.81629E-02
451.2  6.83098E-02
451.3  6.84569E-02
451.4  6.86041E-02
451.5  6.87515E-02
451.6  6.88991E-02
451.7  6.90470E-02
451.8  6.91953E-02
451.9  6.93440E-02
452.0  6.94932E-02
452.1  6.96429E-02
452.2  6.97931E-02
452.3  6.99440E-02
452.4  7.00955E-02
452.5  7.02478E-02
452.6  7.04009E-02
452.7  7.05549E-02
452.8  7.07098E-02
452.9  7.08656E-02
453.0  7.10225E-02
453.1  7.11804E-02
453.2  7.13395E-02
453.3  7.14998E-02
453.4  7.16614E-02
453.5  7.18244E-02
453.6  7.19887E-02
453.7  7.21545E-02
453.8  7.23218E-02
453.9  7.24907E-02
454.0  7.26612E-02
454.1  7.28335E-02
454.2  7.30076E-02
454.3  7.31835E-02
454.4  7.33613E-02
454.5  7.35411E-02
454.6  7.37230E-02
454.7  7.39070E-02
454.8  7.40931E-02
454.9  7.42816E-02
455.0  7.44724E-02
455.1  7.46656E-02
455.2  7.48612E-02
455.3  7.50593E-02
455.4  7.52599E-02
455.5  7.54630E-02
455.6  7.56686E-02
455.7  7.58767E-02
455.8  7.60875E-02
455.9  7.63008E-02
456.0  7.65168E-02
456.1  7.67355E-02
456.2  7.69568E-02
456.3  7.71809E-02
456.4  7.74076E-02
456.5  7.76372E-02
456.6  7.78695E-02
456.7  7.81047E-02
456.8  7.83427E-02
456.9  7.85836E-02
457.0  7.88274E-02
457.1  7.90742E-02
457.2  7.93239E-02
457.3  7.95767E-02
457.4  7.98324E-02
457.5  8.00913E-02
457.6  8.03532E-02
457.7  8.06182E-02
457.8  8.08865E-02
457.9  8.11579E-02
458.0  8.14325E-02
458.1  8.17104E-02
458.2  8.19916E-02
458.3  8.22762E-02
458.4  8.25641E-02
458.5  8.28554E-02
458.6  8.31501E-02
458.7  8.34484E-02
458.8  8.37501E-02
458.9  8.40554E-02
459.0  8.43643E-02
459.1  8.46768E-02
459.2  8.49930E-02
459.3  8.53130E-02
459.4  8.56366E-02
459.5  8.59641E-02
459.6  8.62954E-02
459.7  8.66306E-02
459.8  8.69697E-02
459.9  8.73128E-02
460.0  8.76599E-02
460.1  8.80110E-02
460.2  8.83662E-02
460.3  8.87253E-02
460.4  8.90884E-02
460.5  8.94553E-02
460.6  8.98261E-02
460.7  9.02008E-02
460.8  9.05792E-02
460.9  9.09613E-02
461.0  9.13471E-02
461.1  9.17365E-02
461.2  9.21295E-02
461.3  9.25261E-02
461.4  9.29261E-02
461.5  9.33295E-02
461.6  9.37364E-02
461.7  9.41465E-02
461.8  9.45600E-02
461.9  9.49766E-02
462.0  9.53965E-02
462.1  9.58194E-02
462.2  9.62453E-02
462.3  9.66743E-02
462.4  9.71061E-02
462.5  9.75409E-02
462.6  9.79784E-02
462.7  9.84187E-02
462.8  9.88616E-02
462.9  9.93071E-02
463.0  9.97551E-02
463.1  1.00206E-01
463.2  1.00659E-01
463.3  1.01114E-01
463.4  1.01571E-01
463.5  1.02031E-01
463.6  1.02492E-01
463.7  1.02956E-01
463.8  1.03422E-01
463.9  1.03889E-01
464.0  1.04358E-01
464.1  1.04829E-01
464.2  1.05301E-01
464.3  1.05775E-01
464.4  1.06250E-01
464.5  1.06727E-01
464.6  1.07205E-01
464.7  1.07683E-01
464.8  1.08163E-01
464.9  1.08644E-01
465.0  1.09126E-01
465.1  1.09608E-01
465.2  1.10091E-01
465.3  1.10575E-01
465.4  1.11059E-01
465.5  1.11544E-01
465.6  1.12029E-01
465.7  1.12515E-01
465.8  1.13002E-01
465.9  1.13489E-01
466.0  1.13977E-01
466.1  1.14465E-01
466.2  1.14953E-01
466.3  1.15443E-01
466.4  1.15932E-01
466.5  1.16422E-01
466.6  1.16912E-01
466.7  1.17403E-01
466.8  1.17894E-01
466.9  1.18385E-01
467.0  1.18877E-01
467.1  1.19368E-01
467.2  1.19860E-01
467.3  1.20353E-01
467.4  1.20845E-01
467.5  1.21338E-01
467.6  1.21830E-01
467.7  1.22323E-01
467.8  1.22816E-01
467.9  1.23309E-01
468.0  1.23802E-01
468.1  1.24295E-01
468.2  1.24788E-01
468.3  1.25281E-01
468.4  1.25773E-01
468.5  1.26266E-01
468.6  1.26758E-01
468.7  1.27251E-01
468.8  1.27743E-01
468.9  1.28235E-01
469.0  1.28726E-01
469.1  1.29218E-01
469.2  1.29709E-01
469.3  1.30199E-01
469.4  1.30690E-01
469.5  1.31180E-01
469.6  1.31669E-01
469.7  1.32158E-01
469.8  1.32646E-01
469.9  1.33134E-01
470.0  1.33622E-01
470.1  1.34109E-01
470.2  1.34595E-01
470.3  1.35080E-01
470.4  1.35565E-01
470.5  1.36050E-01
470.6  1.36534E-01
470.7  1.37018E-01
470.8  1.37501E-01
470.9  1.37983E-01
471.0  1.38466E-01
471.1  1.38948E-01
471.2  1.39429E-01
471.3  1.39910E-01
471.4  1.40391E-01
471.5  1.40872E-01
471.6  1.41352E-01
471.7  1.41832E-01
471.8  1.42312E-01
471.9  1.42791E-01
472.0  1.43271E-01
472.1  1.43750E-01
472.2  1.44229E-01
472.3  1.44708E-01
472.4  1.45188E-01
472.5  1.45667E-01
472.6  1.46146E-01
472.7  1.46625E-01
472.8  1.47104E-01
472.9  1.47583E-01
473.0  1.48063E-01
473.1  1.48542E-01
473.2  1.49022E-01
473.3  1.49502E-01
473.4  1.49982E-01
473.5  1.50463E-01
473.6  1.50944E-01
473.7  1.51425E-01
473.8  1.51907E-01
473.9  1.52389E-01
474.0  1.52872E-01
474.1  1.53355E-01
474.2  1.53839E-01
474.3  1.54323E-01
474.4  1.54808E-01
474.5  1.55294E-01
474.6  1.55780E-01
474.7  1.56268E-01
474.8  1.56756E-01
474.9  1.57244E-01
475.0  1.57734E-01
475.1  1.58225E-01
475.2  1.58716E-01
475.3  1.59209E-01
475.4  1.59702E-01
475.5  1.60197E-01
475.6  1.60692E-01
475.7  1.61189E-01
475.8  1.61686E-01
475.9  1.62184E-01
476.0  1.62683E-01
476.1  1.63184E-01
476.2  1.63685E-01
476.3  1.64187E-01
476.4  1.64690E-01
476.5  1.65194E-01
476.6  1.65699E-01
476.7  1.66205E-01
476.8  1.66712E-01
476.9  1.67220E-01
477.0  1.67729E-01
477.1  1.68239E-01
477.2  1.68750E-01
477.3  1.69262E-01
477.4  1.69775E-01
477.5  1.70289E-01
477.6  1.70804E-01
477.7  1.71320E-01
477.8  1.71837E-01
477.9  1.72355E-01
478.0  1.72875E-01
478.1  1.73395E-01
478.2  1.73916E-01
478.3  1.74438E-01
478.4  1.74962E-01
478.5  1.75486E-01
478.6  1.76011E-01
478.7  1.76538E-01
478.8  1.77065E-01
478.9  1.77594E-01
479.0  1.78124E-01
479.1  1.78654E-01
479.2  1.79186E-01
479.3  1.79719E-01
479.4  1.80253E-01
479.5  1.80788E-01
479.6  1.81324E-01
479.7  1.81862E-01
479.8  1.82400E-01
479.9  1.82940E-01
480.0  1.83480E-01
480.1  1.84022E-01
480.2  1.84565E-01
480.3  1.85109E-01
480.4  1.85654E-01
480.5  1.86200E-01
480.6  1.86747E-01
480.7  1.87295E-01
480.8  1.87844E-01
480.9  1.88394E-01
481.0  1.88946E-01
481.1  1.89498E-01
481.2  1.90051E-01
481.3  1.90605E-01
481.4  1.91160E-01
481.5  1.91715E-01
481.6  1.92272E-01
481.7  1.92830E-01
481.8  1.93388E-01
481.9  1.93947E-01
482.0  1.94507E-01
482.1  1.95068E-01
482.2  1.95629E-01
482.3  1.96192E-01
482.4  1.96755E-01
482.5  1.97319E-01
482.6  1.97883E-01
482.7  1.98448E-01
482.8  1.99014E-01
482.9  1.99580E-01
483.0  2.00147E-01
483.1  2.00715E-01
483.2  2.01283E-01
483.3  2.01852E-01
483.4  2.02421E-01
483.5  2.02991E-01
483.6  2.03561E-01
483.7  2.04132E-01
483.8  2.04703E-01
483.9  2.05275E-01
484.0  2.05847E-01
484.1  2.06419E-01
484.2  2.06992E-01
484.3  2.07565E-01
484.4  2.08138E-01
484.5  2.08712E-01
484.6  2.09286E-01
484.7  2.09860E-01
484.8  2.10435E-01
484.9  2.11009E-01
485.0  2.11584E-01
485.1  2.12159E-01
485.2  2.12734E-01
485.3  2.13310E-01
485.4  2.13886E-01
485.5  2.14463E-01
485.6  2.15040E-01
485.7  2.15618E-01
485.8  2.16198E-01
485.9  2.16778E-01
486.0  2.17360E-01
486.1  2.17944E-01
486.2  2.18529E-01
486.3  2.19115E-01
486.4  2.19704E-01
486.5  2.20294E-01
486.6  2.20887E-01
486.7  2.21481E-01
486.8  2.22079E-01
486.9  2.22679E-01
487.0  2.23281E-01
487.1  2.23886E-01
487.2  2.24495E-01
487.3  2.25106E-01
487.4  2.25721E-01
487.5  2.26340E-01
487.6  2.26962E-01
487.7  2.27587E-01
487.8  2.28217E-01
487.9  2.28851E-01
488.0  2.29489E-01
488.1  2.30132E-01
488.2  2.30779E-01
488.3  2.31431E-01
488.4  2.32088E-01
488.5  2.32750E-01
488.6  2.33417E-01
488.7  2.34090E-01
488.8  2.34768E-01
488.9  2.35453E-01
489.0  2.36143E-01
489.1  2.36840E-01
489.2  2.37543E-01
489.3  2.38252E-01
489.4  2.38969E-01
489.5  2.39692E-01
489.6  2.40423E-01
489.7  2.41160E-01
489.8  2.41906E-01
489.9  2.42659E-01
490.0  2.43420E-01
490.1  2.44190E-01
490.2  2.44967E-01
490.3  2.45753E-01
490.4  2.46547E-01
490.5  2.47349E-01
490.6  2.48159E-01
490.7  2.48977E-01
490.8  2.49803E-01
490.9  2.50637E-01
491.0  2.51478E-01
491.1  2.52328E-01
491.2  2.53186E-01
491.3  2.54051E-01
491.4  2.54924E-01
491.5  2.55805E-01
491.6  2.56694E-01
491.7  2.57590E-01
491.8  2.58494E-01
491.9  2.59406E-01
492.0  2.60325E-01
492.1  2.61251E-01
492.2  2.62185E-01
492.3  2.63127E-01
492.4  2.64076E-01
492.5  2.65032E-01
492.6  2.65996E-01
492.7  2.66967E-01
492.8  2.67945E-01
492.9  2.68930E-01
493.0  2.69922E-01
493.1  2.70922E-01
493.2  2.71928E-01
493.3  2.72942E-01
493.4  2.73962E-01
493.5  2.74989E-01
493.6  2.76024E-01
493.7  2.77064E-01
493.8  2.78112E-01
493.9  2.79166E-01
494.0  2.80227E-01
494.1  2.81294E-01
494.2  2.82368E-01
494.3  2.83448E-01
494.4  2.84535E-01
494.5  2.85627E-01
494.6  2.86726E-01
494.7  2.87831E-01
494.8  2.88943E-01
494.9  2.90060E-01
495.0  2.91183E-01
495.1  2.92312E-01
495.2  2.93447E-01
495.3  2.94587E-01
495.4  2.95734E-01
495.5  2.96887E-01
495.6  2.98045E-01
495.7  2.99210E-01
495.8  3.00380E-01
495.9  3.01557E-01
496.0  3.02739E-01
496.1  3.03928E-01
496.2  3.05122E-01
496.3  3.06323E-01
496.4  3.07530E-01
496.5  3.08743E-01
496.6  3.09962E-01
496.7  3.11188E-01
496.8  3.12419E-01
496.9  3.13657E-01
497.0  3.14901E-01
497.1  3.16151E-01
497.2  3.17408E-01
497.3  3.18670E-01
497.4  3.19940E-01
497.5  3.21215E-01
497.6  3.22497E-01
497.7  3.23785E-01
497.8  3.25080E-01
497.9  3.26380E-01
498.0  3.27688E-01
498.1  3.29002E-01
498.2  3.30322E-01
498.3  3.31649E-01
498.4  3.32982E-01
498.5  3.34322E-01
498.6  3.35668E-01
498.7  3.37021E-01
498.8  3.38381E-01
498.9  3.39747E-01
499.0  3.41120E-01
499.1  3.42499E-01
499.2  3.43885E-01
499.3  3.45278E-01
499.4  3.46678E-01
499.5  3.48084E-01
499.6  3.49497E-01
499.7  3.50916E-01
499.8  3.52343E-01
499.9  3.53776E-01
500.0  3.55216E-01
500.1  3.56663E-01
500.2  3.58116E-01
500.3  3.59577E-01
500.4  3.61044E-01
500.5  3.62518E-01
500.6  3.63999E-01
500.7  3.65486E-01
500.8  3.66981E-01
500.9  3.68482E-01
501.0  3.69989E-01
501.1  3.71503E-01
501.2  3.73024E-01
501.3  3.74552E-01
501.4  3.76086E-01
501.5  3.77627E-01
501.6  3.79174E-01
501.7  3.80728E-01
501.8  3.82289E-01
501.9  3.83856E-01
502.0  3.85429E-01
502.1  3.87009E-01
502.2  3.88595E-01
502.3  3.90188E-01
502.4  3.91787E-01
502.5  3.93392E-01
502.6  3.95004E-01
502.7  3.96622E-01
502.8  3.98247E-01
502.9  3.99877E-01
503.0  4.01514E-01
503.1  4.03157E-01
503.2  4.04806E-01
503.3  4.06461E-01
503.4  4.08122E-01
503.5  4.09790E-01
503.6  4.11463E-01
503.7  4.13142E-01
503.8  4.14827E-01
503.9  4.16518E-01
504.0  4.18215E-01
504.1  4.19918E-01
504.2  4.21627E-01
504.3  4.23341E-01
504.4  4.25061E-01
504.5  4.26786E-01
504.6  4.28517E-01
504.7  4.30254E-01
504.8  4.31996E-01
504.9  4.33743E-01
505.0  4.35496E-01
505.1  4.37255E-01
505.2  4.39018E-01
505.3  4.40787E-01
505.4  4.42561E-01
505.5  4.44341E-01
505.6  4.46125E-01
505.7  4.47915E-01
505.8  4.49709E-01
505.9  4.51509E-01
506.0  4.53314E-01
506.1  4.55124E-01
506.2  4.56939E-01
506.3  4.58758E-01
506.4  4.60583E-01
506.5  4.62412E-01
506.6  4.64246E-01
506.7  4.66085E-01
506.8  4.67928E-01
506.9  4.69776E-01
507.0  4.71629E-01
507.1  4.73486E-01
507.2  4.75348E-01
507.3  4.77214E-01
507.4  4.79084E-01
507.5  4.80959E-01
507.6  4.82838E-01
507.7  4.84721E-01
507.8  4.86609E-01
507.9  4.88500E-01
508.0  4.90396E-01
508.1  4.92295E-01
508.2  4.94199E-01
508.3  4.96106E-01
508.4  4.98018E-01
508.5  4.99933E-01
508.6  5.01851E-01
508.7  5.03774E-01
508.8  5.05700E-01
508.9  5.07629E-01
509.0  5.09562E-01
509.1  5.11499E-01
509.2  5.13438E-01
509.3  5.15381E-01
509.4  5.17327E-01
509.5  5.19277E-01
509.6  5.21229E-01
509.7  5.23184E-01
509.8  5.25143E-01
509.9  5.27104E-01
510.0  5.29068E-01
510.1  5.31034E-01
510.2  5.33003E-01
510.3  5.34975E-01
510.4  5.36950E-01
510.5  5.38927E-01
510.6  5.40906E-01
510.7  5.42888E-01
510.8  5.44873E-01
510.9  5.46859E-01
511.0  5.48848E-01
511.1  5.50840E-01
511.2  5.52833E-01
511.3  5.54829E-01
511.4  5.56827E-01
511.5  5.58827E-01
511.6  5.60830E-01
511.7  5.62834E-01
511.8  5.64840E-01
511.9  5.66848E-01
512.0  5.68858E-01
512.1  5.70870E-01
512.2  5.72884E-01
512.3  5.74899E-01
512.4  5.76916E-01
512.5  5.78935E-01
512.6  5.80956E-01
512.7  5.82978E-01
512.8  5.85001E-01
512.9  5.87026E-01
513.0  5.89052E-01
513.1  5.91080E-01
513.2  5.93109E-01
513.3  5.95139E-01
513.4  5.97171E-01
513.5  5.99203E-01
513.6  6.01237E-01
513.7  6.03272E-01
513.8  6.05307E-01
513.9  6.07344E-01
514.0  6.09381E-01
514.1  6.11420E-01
514.2  6.13459E-01
514.3  6.15499E-01
514.4  6.17539E-01
514.5  6.19580E-01
514.6  6.21622E-01
514.7  6.23664E-01
514.8  6.25706E-01
514.9  6.27749E-01
515.0  6.29792E-01
515.1  6.31836E-01
515.2  6.33879E-01
515.3  6.35922E-01
515.4  6.37965E-01
515.5  6.40008E-01
515.6  6.42049E-01
515.7  6.44090E-01
515.8  6.46129E-01
515.9  6.48167E-01
516.0  6.50204E-01
516.1  6.52238E-01
516.2  6.54271E-01
516.3  6.56301E-01
516.4  6.58329E-01
516.5  6.60353E-01
516.6  6.62375E-01
516.7  6.64394E-01
516.8  6.66409E-01
516.9  6.68421E-01
517.0  6.70429E-01
517.1  6.72432E-01
517.2  6.74432E-01
517.3  6.76426E-01
517.4  6.78416E-01
517.5  6.80401E-01
517.6  6.82380E-01
517.7  6.84354E-01
517.8  6.86321E-01
517.9  6.88283E-01
518.0  6.90238E-01
518.1  6.92187E-01
518.2  6.94128E-01
518.3  6.96063E-01
518.4  6.97990E-01
518.5  6.99910E-01
518.6  7.01821E-01
518.7  7.03724E-01
518.8  7.05619E-01
518.9  7.07505E-01
519.0  7.09382E-01
519.1  7.11249E-01
519.2  7.13108E-01
519.3  7.14956E-01
519.4  7.16794E-01
519.5  7.18621E-01
519.6  7.20438E-01
519.7  7.22244E-01
519.8  7.24039E-01
519.9  7.25822E-01
520.0  7.27593E-01
520.1  7.29352E-01
520.2  7.31099E-01
520.3  7.32834E-01
520.4  7.34557E-01
520.5  7.36269E-01
520.6  7.37969E-01
520.7  7.39658E-01
520.8  7.41336E-01
520.9  7.43003E-01
521.0  7.44658E-01
521.1  7.46303E-01
521.2  7.47937E-01
521.3  7.49561E-01
521.4  7.51174E-01
521.5  7.52778E-01
521.6  7.54371E-01
521.7  7.55954E-01
521.8  7.57528E-01
521.9  7.59092E-01
522.0  7.60647E-01
522.1  7.62193E-01
522.2  7.63729E-01
522.3  7.65257E-01
522.4  7.66776E-01
522.5  7.68287E-01
522.6  7.69789E-01
522.7  7.71284E-01
522.8  7.72770E-01
522.9  7.74249E-01
523.0  7.75720E-01
523.1  7.77184E-01
523.2  7.78640E-01
523.3  7.80090E-01
523.4  7.81533E-01
523.5  7.82969E-01
523.6  7.84399E-01
523.7  7.85823E-01
523.8  7.87241E-01
523.9  7.88653E-01
524.0  7.90060E-01
524.1  7.91461E-01
524.2  7.92858E-01
524.3  7.94249E-01
524.4  7.95636E-01
524.5  7.97018E-01
524.6  7.98396E-01
524.7  7.99770E-01
524.8  8.01141E-01
524.9  8.02508E-01
525.0  8.03871E-01
525.1  8.05231E-01
525.2  8.06589E-01
525.3  8.07943E-01
525.4  8.09293E-01
525.5  8.10640E-01
525.6  8.11984E-01
525.7  8.13324E-01
525.8  8.14660E-01
525.9  8.15993E-01
526.0  8.17321E-01
526.1  8.18646E-01
526.2  8.19966E-01
526.3  8.21282E-01
526.4  8.22594E-01
526.5  8.23901E-01
526.6  8.25204E-01
526.7  8.26503E-01
526.8  8.27797E-01
526.9  8.29085E-01
527.0  8.30369E-01
527.1  8.31648E-01
527.2  8.32922E-01
527.3  8.34191E-01
527.4  8.35455E-01
527.5  8.36713E-01
527.6  8.37965E-01
527.7  8.39212E-01
527.8  8.40454E-01
527.9  8.41689E-01
528.0  8.42919E-01
528.1  8.44142E-01
528.2  8.45360E-01
528.3  8.46571E-01
528.4  8.47776E-01
528.5  8.48975E-01
528.6  8.50167E-01
528.7  8.51352E-01
528.8  8.52531E-01
528.9  8.53703E-01
529.0  8.54868E-01
529.1  8.56026E-01
529.2  8.57176E-01
529.3  8.58320E-01
529.4  8.59456E-01
529.5  8.60585E-01
529.6  8.61706E-01
529.7  8.62819E-01
529.8  8.63925E-01
529.9  8.65023E-01
530.0  8.66113E-01
530.1  8.67194E-01
530.2  8.68268E-01
530.3  8.69334E-01
530.4  8.70393E-01
530.5  8.71444E-01
530.6  8.72488E-01
530.7  8.73525E-01
530.8  8.74556E-01
530.9  8.75580E-01
531.0  8.76598E-01
531.1  8.77609E-01
531.2  8.78615E-01
531.3  8.79615E-01
531.4  8.80610E-01
531.5  8.81599E-01
531.6  8.82584E-01
531.7  8.83563E-01
531.8  8.84538E-01
531.9  8.85509E-01
532.0  8.86476E-01
532.1  8.87438E-01
532.2  8.88397E-01
532.3  8.89352E-01
532.4  8.90305E-01
532.5  8.91254E-01
532.6  8.92200E-01
532.7  8.93144E-01
532.8  8.94085E-01
532.9  8.95024E-01
533.0  8.95962E-01
533.1  8.96897E-01
533.2  8.97831E-01
533.3  8.98764E-01
533.4  8.99696E-01
533.5  9.00628E-01
533.6  9.01558E-01
533.7  9.02489E-01
533.8  9.03419E-01
533.9  9.04350E-01
534.0  9.05281E-01
534.1  9.06213E-01
534.2  9.07146E-01
534.3  9.08080E-01
534.4  9.09015E-01
534.5  9.09953E-01
534.6  9.10892E-01
534.7  9.11833E-01
534.8  9.12776E-01
534.9  9.13723E-01
535.0  9.14672E-01
535.1  9.15624E-01
535.2  9.16579E-01
535.3  9.17537E-01
535.4  9.18497E-01
535.5  9.19460E-01
535.6  9.20424E-01
535.7  9.21390E-01
535.8  9.22358E-01
535.9  9.23326E-01
536.0  9.24295E-01
536.1  9.25265E-01
536.2  9.26236E-01
536.3  9.27206E-01
536.4  9.28176E-01
536.5  9.29146E-01
536.6  9.30115E-01
536.7  9.31083E-01
536.8  9.32050E-01
536.9  9.33016E-01
537.0  9.33979E-01
537.1  9.34941E-01
537.2  9.35900E-01
537.3  9.36857E-01
537.4  9.37811E-01
537.5  9.38761E-01
537.6  9.39708E-01
537.7  9.40652E-01
537.8  9.41591E-01
537.9  9.42526E-01
538.0  9.43457E-01
538.1  9.44383E-01
538.2  9.45304E-01
538.3  9.46219E-01
538.4  9.47129E-01
538.5  9.48032E-01
538.6  9.48930E-01
538.7  9.49821E-01
538.8  9.50705E-01
538.9  9.51582E-01
539.0  9.52451E-01
539.1  9.53313E-01
539.2  9.54167E-01
539.3  9.55013E-01
539.4  9.55850E-01
539.5  9.56678E-01
539.6  9.57497E-01
539.7  9.58306E-01
539.8  9.59106E-01
539.9  9.59895E-01
540.0  9.60675E-01
540.1  9.61443E-01
540.2  9.62201E-01
540.3  9.62949E-01
540.4  9.63685E-01
540.5  9.64411E-01
540.6  9.65126E-01
540.7  9.65831E-01
540.8  9.66525E-01
540.9  9.67208E-01
541.0  9.67880E-01
541.1  9.68542E-01
541.2  9.69192E-01
541.3  9.69832E-01
541.4  9.70462E-01
541.5  9.71080E-01
541.6  9.71688E-01
541.7  9.72285E-01
541.8  9.72871E-01
541.9  9.73446E-01
542.0  9.74011E-01
542.1  9.74565E-01
542.2  9.75108E-01
542.3  9.75640E-01
542.4  9.76162E-01
542.5  9.76672E-01
542.6  9.77172E-01
542.7  9.77661E-01
542.8  9.78139E-01
542.9  9.78607E-01
543.0  9.79063E-01
543.1  9.79509E-01
543.2  9.79944E-01
543.3  9.80368E-01
543.4  9.80782E-01
543.5  9.81184E-01
543.6  9.81576E-01
543.7  9.81957E-01
543.8  9.82328E-01
543.9  9.82687E-01
544.0  9.83036E-01
544.1  9.83374E-01
544.2  9.83701E-01
544.3  9.84018E-01
544.4  9.84323E-01
544.5  9.84618E-01
544.6  9.84903E-01
544.7  9.85176E-01
544.8  9.85439E-01
544.9  9.85691E-01
545.0  9.85933E-01
545.1  9.86163E-01
545.2  9.86384E-01
545.3  9.86594E-01
545.4  9.86795E-01
545.5  9.86986E-01
545.6  9.87169E-01
545.7  9.87343E-01
545.8  9.87508E-01
545.9  9.87666E-01
546.0  9.87816E-01
546.1  9.87959E-01
546.2  9.88094E-01
546.3  9.88224E-01
546.4  9.88347E-01
546.5  9.88464E-01
546.6  9.88576E-01
546.7  9.88683E-01
546.8  9.88784E-01
546.9  9.88882E-01
547.0  9.88975E-01
547.1  9.89065E-01
547.2  9.89151E-01
547.3  9.89234E-01
547.4  9.89314E-01
547.5  9.89392E-01
547.6  9.89468E-01
547.7  9.89542E-01
547.8  9.89615E-01
547.9  9.89687E-01
548.0  9.89759E-01
548.1  9.89830E-01
548.2  9.89901E-01
548.3  9.89973E-01
548.4  9.90046E-01
548.5  9.90120E-01
548.6  9.90195E-01
548.7  9.90272E-01
548.8  9.90351E-01
548.9  9.90433E-01
549.0  9.90518E-01
549.1  9.90606E-01
549.2  9.90698E-01
549.3  9.90794E-01
549.4  9.90894E-01
549.5  9.90998E-01
549.6  9.91108E-01
549.7  9.91223E-01
549.8  9.91344E-01
549.9  9.91471E-01
550.0  9.91604E-01
550.1  9.91744E-01
550.2  9.91891E-01
550.3  9.92044E-01
550.4  9.92202E-01
550.5  9.92366E-01
550.6  9.92535E-01
550.7  9.92709E-01
550.8  9.92887E-01
550.9  9.93070E-01
551.0  9.93256E-01
551.1  9.93445E-01
551.2  9.93638E-01
551.3  9.93833E-01
551.4  9.94031E-01
551.5  9.94231E-01
551.6  9.94433E-01
551.7  9.94636E-01
551.8  9.94840E-01
551.9  9.95044E-01
552.0  9.95249E-01
552.1  9.95454E-01
552.2  9.95659E-01
552.3  9.95863E-01
552.4  9.96066E-01
552.5  9.96268E-01
552.6  9.96468E-01
552.7  9.96666E-01
552.8  9.96861E-01
552.9  9.97054E-01
553.0  9.97244E-01
553.1  9.97430E-01
553.2  9.97613E-01
553.3  9.97791E-01
553.4  9.97965E-01
553.5  9.98135E-01
553.6  9.98299E-01
553.7  9.98458E-01
553.8  9.98611E-01
553.9  9.98757E-01
554.0  9.98898E-01
554.1  9.99031E-01
554.2  9.99157E-01
554.3  9.99276E-01
554.4  9.99387E-01
554.5  9.99489E-01
554.6  9.99583E-01
554.7  9.99669E-01
554.8  9.99744E-01
554.9  9.99811E-01
555.0  9.99867E-01
555.1  9.99913E-01
555.2  9.99949E-01
555.3  9.99976E-01
555.4  9.99993E-01
555.5  1.00000E+00
555.6  9.99998E-01
555.7  9.99988E-01
555.8  9.99969E-01
555.9  9.99942E-01
556.0  9.99906E-01
556.1  9.99863E-01
556.2  9.99812E-01
556.3  9.99753E-01
556.4  9.99688E-01
556.5  9.99615E-01
556.6  9.99536E-01
556.7  9.99451E-01
556.8  9.99359E-01
556.9  9.99262E-01
557.0  9.99158E-01
557.1  9.99049E-01
557.2  9.98935E-01
557.3  9.98816E-01
557.4  9.98693E-01
557.5  9.98565E-01
557.6  9.98432E-01
557.7  9.98296E-01
557.8  9.98155E-01
557.9  9.98012E-01
558.0  9.97864E-01
558.1  9.97714E-01
558.2  9.97561E-01
558.3  9.97406E-01
558.4  9.97248E-01
558.5  9.97088E-01
558.6  9.96926E-01
558.7  9.96762E-01
558.8  9.96597E-01
558.9  9.96431E-01
559.0  9.96264E-01
559.1  9.96097E-01
559.2  9.95929E-01
559.3  9.95760E-01
559.4  9.95592E-01
559.5  9.95424E-01
559.6  9.95256E-01
559.7  9.95090E-01
559.8  9.94924E-01
559.9  9.94759E-01
560.0  9.94596E-01
560.1  9.94434E-01
560.2  9.94274E-01
560.3  9.94116E-01
560.4  9.93958E-01
560.5  9.93801E-01
560.6  9.93646E-01
560.7  9.93491E-01
560.8  9.93337E-01
560.9  9.93183E-01
561.0  9.93029E-01
561.1  9.92876E-01
561.2  9.92722E-01
561.3  9.92568E-01
561.4  9.92414E-01
561.5  9.92259E-01
561.6  9.92104E-01
561.7  9.91948E-01
561.8  9.91791E-01
561.9  9.91633E-01
562.0  9.91473E-01
562.1  9.91312E-01
562.2  9.91149E-01
562.3  9.90985E-01
562.4  9.90819E-01
562.5  9.90651E-01
562.6  9.90480E-01
562.7  9.90308E-01
562.8  9.90132E-01
562.9  9.89955E-01
563.0  9.89774E-01
563.1  9.89590E-01
563.2  9.89404E-01
563.3  9.89214E-01
563.4  9.89020E-01
563.5  9.88823E-01
563.6  9.88623E-01
563.7  9.88418E-01
563.8  9.88210E-01
563.9  9.87998E-01
564.0  9.87781E-01
564.1  9.87560E-01
564.2  9.87334E-01
564.3  9.87103E-01
564.4  9.86868E-01
564.5  9.86628E-01
564.6  9.86382E-01
564.7  9.86132E-01
564.8  9.85875E-01
564.9  9.85614E-01
565.0  9.85346E-01
565.1  9.85073E-01
565.2  9.84794E-01
565.3  9.84509E-01
565.4  9.84218E-01
565.5  9.83922E-01
565.6  9.83620E-01
565.7  9.83312E-01
565.8  9.82999E-01
565.9  9.82680E-01
566.0  9.82355E-01
566.1  9.82025E-01
566.2  9.81690E-01
566.3  9.81349E-01
566.4  9.81003E-01
566.5  9.80652E-01
566.6  9.80295E-01
566.7  9.79933E-01
566.8  9.79565E-01
566.9  9.79193E-01
567.0  9.78815E-01
567.1  9.78432E-01
567.2  9.78044E-01
567.3  9.77651E-01
567.4  9.77253E-01
567.5  9.76850E-01
567.6  9.76442E-01
567.7  9.76029E-01
567.8  9.75611E-01
567.9  9.75188E-01
568.0  9.74761E-01
568.1  9.74329E-01
568.2  9.73892E-01
568.3  9.73450E-01
568.4  9.73003E-01
568.5  9.72552E-01
568.6  9.72097E-01
568.7  9.71636E-01
568.8  9.71172E-01
568.9  9.70702E-01
569.0  9.70228E-01
569.1  9.69750E-01
569.2  9.69268E-01
569.3  9.68781E-01
569.4  9.68289E-01
569.5  9.67794E-01
569.6  9.67294E-01
569.7  9.66789E-01
569.8  9.66281E-01
569.9  9.65769E-01
570.0  9.65252E-01
570.1  9.64731E-01
570.2  9.64206E-01
570.3  9.63676E-01
570.4  9.63142E-01
570.5  9.62604E-01
570.6  9.62060E-01
570.7  9.61512E-01
570.8  9.60958E-01
570.9  9.60399E-01
571.0  9.59835E-01
571.1  9.59265E-01
571.2  9.58690E-01
571.3  9.58109E-01
571.4  9.57521E-01
571.5  9.56928E-01
571.6  9.56329E-01
571.7  9.55723E-01
571.8  9.55111E-01
571.9  9.54492E-01
572.0  9.53866E-01
572.1  9.53234E-01
572.2  9.52594E-01
572.3  9.51947E-01
572.4  9.51293E-01
572.5  9.50632E-01
572.6  9.49963E-01
572.7  9.49286E-01
572.8  9.48602E-01
572.9  9.47910E-01
573.0  9.47209E-01
573.1  9.46501E-01
573.2  9.45784E-01
573.3  9.45058E-01
573.4  9.44324E-01
573.5  9.43582E-01
573.6  9.42830E-01
573.7  9.42070E-01
573.8  9.41301E-01
573.9  9.40522E-01
574.0  9.39734E-01
574.1  9.38937E-01
574.2  9.38130E-01
574.3  9.37314E-01
574.4  9.36488E-01
574.5  9.35652E-01
574.6  9.34806E-01
574.7  9.33950E-01
574.8  9.33084E-01
574.9  9.32207E-01
575.0  9.31320E-01
575.1  9.30422E-01
575.2  9.29515E-01
575.3  9.28598E-01
575.4  9.27671E-01
575.5  9.26736E-01
575.6  9.25792E-01
575.7  9.24840E-01
575.8  9.23881E-01
575.9  9.22915E-01
576.0  9.21942E-01
576.1  9.20962E-01
576.2  9.19977E-01
576.3  9.18986E-01
576.4  9.17990E-01
576.5  9.16990E-01
576.6  9.15986E-01
576.7  9.14977E-01
576.8  9.13965E-01
576.9  9.12951E-01
577.0  9.11933E-01
577.1  9.10914E-01
577.2  9.09892E-01
577.3  9.08870E-01
577.4  9.07846E-01
577.5  9.06822E-01
577.6  9.05797E-01
577.7  9.04773E-01
577.8  9.03749E-01
577.9  9.02727E-01
578.0  9.01705E-01
578.1  9.00686E-01
578.2  8.99668E-01
578.3  8.98653E-01
578.4  8.97641E-01
578.5  8.96633E-01
578.6  8.95628E-01
578.7  8.94627E-01
578.8  8.93630E-01
578.9  8.92638E-01
579.0  8.91652E-01
579.1  8.90670E-01
579.2  8.89695E-01
579.3  8.88726E-01
579.4  8.87764E-01
579.5  8.86809E-01
579.6  8.85861E-01
579.7  8.84921E-01
579.8  8.83989E-01
579.9  8.83065E-01
580.0  8.82150E-01
580.1  8.81244E-01
580.2  8.80347E-01
580.3  8.79459E-01
580.4  8.78578E-01
580.5  8.77706E-01
580.6  8.76840E-01
580.7  8.75983E-01
580.8  8.75131E-01
580.9  8.74287E-01
581.0  8.73448E-01
581.1  8.72616E-01
581.2  8.71789E-01
581.3  8.70967E-01
581.4  8.70150E-01
581.5  8.69337E-01
581.6  8.68529E-01
581.7  8.67725E-01
581.8  8.66924E-01
581.9  8.66126E-01
582.0  8.65332E-01
582.1  8.64540E-01
582.2  8.63750E-01
582.3  8.62962E-01
582.4  8.62176E-01
582.5  8.61392E-01
582.6  8.60608E-01
582.7  8.59825E-01
582.8  8.59043E-01
582.9  8.58260E-01
583.0  8.57478E-01
583.1  8.56695E-01
583.2  8.55911E-01
583.3  8.55126E-01
583.4  8.54340E-01
583.5  8.53551E-01
583.6  8.52761E-01
583.7  8.51969E-01
583.8  8.51173E-01
583.9  8.50375E-01
584.0  8.49574E-01
584.1  8.48769E-01
584.2  8.47960E-01
584.3  8.47147E-01
584.4  8.46329E-01
584.5  8.45507E-01
584.6  8.44679E-01
584.7  8.43847E-01
584.8  8.43008E-01
584.9  8.42164E-01
585.0  8.41313E-01
585.1  8.40456E-01
585.2  8.39593E-01
585.3  8.38723E-01
585.4  8.37846E-01
585.5  8.36964E-01
585.6  8.36075E-01
585.7  8.35180E-01
585.8  8.34279E-01
585.9  8.33371E-01
586.0  8.32458E-01
586.1  8.31539E-01
586.2  8.30613E-01
586.3  8.29682E-01
586.4  8.28746E-01
586.5  8.27803E-01
586.6  8.26855E-01
586.7  8.25901E-01
586.8  8.24941E-01
586.9  8.23977E-01
587.0  8.23006E-01
587.1  8.22031E-01
587.2  8.21049E-01
587.3  8.20063E-01
587.4  8.19072E-01
587.5  8.18075E-01
587.6  8.17073E-01
587.7  8.16067E-01
587.8  8.15055E-01
587.9  8.14039E-01
588.0  8.13017E-01
588.1  8.11991E-01
588.2  8.10960E-01
588.3  8.09925E-01
588.4  8.08885E-01
588.5  8.07841E-01
588.6  8.06792E-01
588.7  8.05738E-01
588.8  8.04681E-01
588.9  8.03619E-01
589.0  8.02553E-01
589.1  8.01483E-01
589.2  8.00408E-01
589.3  7.99330E-01
589.4  7.98248E-01
589.5  7.97162E-01
589.6  7.96072E-01
589.7  7.94978E-01
589.8  7.93881E-01
589.9  7.92780E-01
590.0  7.91676E-01
590.1  7.90568E-01
590.2  7.89456E-01
590.3  7.88342E-01
590.4  7.87223E-01
590.5  7.86102E-01
590.6  7.84977E-01
590.7  7.83849E-01
590.8  7.82717E-01
590.9  7.81583E-01
591.0  7.80445E-01
591.1  7.79304E-01
591.2  7.78160E-01
591.3  7.77012E-01
591.4  7.75862E-01
591.5  7.74709E-01
591.6  7.73552E-01
591.7  7.72393E-01
591.8  7.71231E-01
591.9  7.70065E-01
592.0  7.68897E-01
592.1  7.67726E-01
592.2  7.66552E-01
592.3  7.65376E-01
592.4  7.64196E-01
592.5  7.63014E-01
592.6  7.61829E-01
592.7  7.60642E-01
592.8  7.59451E-01
592.9  7.58258E-01
593.0  7.57063E-01
593.1  7.55865E-01
593.2  7.54664E-01
593.3  7.53461E-01
593.4  7.52255E-01
593.5  7.51047E-01
593.6  7.49836E-01
593.7  7.48623E-01
593.8  7.47407E-01
593.9  7.46189E-01
594.0  7.44969E-01
594.1  7.43747E-01
594.2  7.42522E-01
594.3  7.41295E-01
594.4  7.40065E-01
594.5  7.38834E-01
594.6  7.37600E-01
594.7  7.36364E-01
594.8  7.35125E-01
594.9  7.33885E-01
595.0  7.32643E-01
595.1  7.31398E-01
595.2  7.30152E-01
595.3  7.28903E-01
595.4  7.27653E-01
595.5  7.26400E-01
595.6  7.25146E-01
595.7  7.23890E-01
595.8  7.22632E-01
595.9  7.21373E-01
596.0  7.20111E-01
596.1  7.18849E-01
596.2  7.17584E-01
596.3  7.16318E-01
596.4  7.15051E-01
596.5  7.13782E-01
596.6  7.12511E-01
596.7  7.11240E-01
596.8  7.09967E-01
596.9  7.08692E-01
597.0  7.07417E-01
597.1  7.06140E-01
597.2  7.04862E-01
597.3  7.03583E-01
597.4  7.02303E-01
597.5  7.01022E-01
597.6  6.99740E-01
597.7  6.98457E-01
597.8  6.97173E-01
597.9  6.95889E-01
598.0  6.94603E-01
598.1  6.93317E-01
598.2  6.92030E-01
598.3  6.90743E-01
598.4  6.89454E-01
598.5  6.88166E-01
598.6  6.86876E-01
598.7  6.85586E-01
598.8  6.84296E-01
598.9  6.83005E-01
599.0  6.81714E-01
599.1  6.80423E-01
599.2  6.79131E-01
599.3  6.77839E-01
599.4  6.76547E-01
599.5  6.75255E-01
599.6  6.73962E-01
599.7  6.72670E-01
599.8  6.71377E-01
599.9  6.70084E-01
600.0  6.68792E-01
600.1  6.67499E-01
600.2  6.66207E-01
600.3  6.64914E-01
600.4  6.63622E-01
600.5  6.62329E-01
600.6  6.61036E-01
600.7  6.59743E-01
600.8  6.58450E-01
600.9  6.57157E-01
601.0  6.55863E-01
601.1  6.54569E-01
601.2  6.53274E-01
601.3  6.51979E-01
601.4  6.50683E-01
601.5  6.49387E-01
601.6  6.48091E-01
601.7  6.46794E-01
601.8  6.45496E-01
601.9  6.44197E-01
602.0  6.42898E-01
602.1  6.41598E-01
602.2  6.40297E-01
602.3  6.38995E-01
602.4  6.37693E-01
602.5  6.36389E-01
602.6  6.35085E-01
602.7  6.33779E-01
602.8  6.32472E-01
602.9  6.31165E-01
603.0  6.29856E-01
603.1  6.28546E-01
603.2  6.27235E-01
603.3  6.25922E-01
603.4  6.24608E-01
603.5  6.23293E-01
603.6  6.21977E-01
603.7  6.20659E-01
603.8  6.19340E-01
603.9  6.18019E-01
604.0  6.16697E-01
604.1  6.15373E-01
604.2  6.14047E-01
604.3  6.12720E-01
604.4  6.11392E-01
604.5  6.10061E-01
604.6  6.08729E-01
604.7  6.07396E-01
604.8  6.06060E-01
604.9  6.04722E-01
605.0  6.03383E-01
605.1  6.02042E-01
605.2  6.00699E-01
605.3  5.99354E-01
605.4  5.98008E-01
605.5  5.96660E-01
605.6  5.95310E-01
605.7  5.93959E-01
605.8  5.92606E-01
605.9  5.91252E-01
606.0  5.89896E-01
606.1  5.88539E-01
606.2  5.87181E-01
606.3  5.85821E-01
606.4  5.84461E-01
606.5  5.83099E-01
606.6  5.81737E-01
606.7  5.80373E-01
606.8  5.79008E-01
606.9  5.77643E-01
607.0  5.76277E-01
607.1  5.74910E-01
607.2  5.73542E-01
607.3  5.72173E-01
607.4  5.70804E-01
607.5  5.69435E-01
607.6  5.68065E-01
607.7  5.66694E-01
607.8  5.65323E-01
607.9  5.63952E-01
608.0  5.62580E-01
608.1  5.61208E-01
608.2  5.59836E-01
608.3  5.58464E-01
608.4  5.57091E-01
608.5  5.55719E-01
608.6  5.54346E-01
608.7  5.52974E-01
608.8  5.51602E-01
608.9  5.50229E-01
609.0  5.48857E-01
609.1  5.47486E-01
609.2  5.46114E-01
609.3  5.44743E-01
609.4  5.43372E-01
609.5  5.42002E-01
609.6  5.40632E-01
609.7  5.39262E-01
609.8  5.37893E-01
609.9  5.36525E-01
610.0  5.35157E-01
610.1  5.33790E-01
610.2  5.32424E-01
610.3  5.31058E-01
610.4  5.29693E-01
610.5  5.28328E-01
610.6  5.26965E-01
610.7  5.25601E-01
610.8  5.24239E-01
610.9  5.22877E-01
611.0  5.21516E-01
611.1  5.20155E-01
611.2  5.18795E-01
611.3  5.17436E-01
611.4  5.16077E-01
611.5  5.14719E-01
611.6  5.13361E-01
611.7  5.12004E-01
611.8  5.10648E-01
611.9  5.09292E-01
612.0  5.07937E-01
612.1  5.06583E-01
612.2  5.05229E-01
612.3  5.03875E-01
612.4  5.02522E-01
612.5  5.01170E-01
612.6  4.99818E-01
612.7  4.98467E-01
612.8  4.97117E-01
612.9  4.95767E-01
613.0  4.94417E-01
613.1  4.93068E-01
613.2  4.91720E-01
613.3  4.90372E-01
613.4  4.89025E-01
613.5  4.87679E-01
613.6  4.86333E-01
613.7  4.84987E-01
613.8  4.83642E-01
613.9  4.82298E-01
614.0  4.80954E-01
614.1  4.79611E-01
614.2  4.78268E-01
614.3  4.76926E-01
614.4  4.75584E-01
614.5  4.74243E-01
614.6  4.72902E-01
614.7  4.71563E-01
614.8  4.70223E-01
614.9  4.68884E-01
615.0  4.67546E-01
615.1  4.66208E-01
615.2  4.64871E-01
615.3  4.63535E-01
615.4  4.62199E-01
615.5  4.60864E-01
615.6  4.59530E-01
615.7  4.58197E-01
615.8  4.56865E-01
615.9  4.55534E-01
616.0  4.54205E-01
616.1  4.52876E-01
616.2  4.51549E-01
616.3  4.50223E-01
616.4  4.48899E-01
616.5  4.47576E-01
616.6  4.46254E-01
616.7  4.44935E-01
616.8  4.43616E-01
616.9  4.42300E-01
617.0  4.40985E-01
617.1  4.39672E-01
617.2  4.38361E-01
617.3  4.37052E-01
617.4  4.35745E-01
617.5  4.34440E-01
617.6  4.33137E-01
617.7  4.31837E-01
617.8  4.30538E-01
617.9  4.29242E-01
618.0  4.27948E-01
618.1  4.26656E-01
618.2  4.25367E-01
618.3  4.24081E-01
618.4  4.22796E-01
618.5  4.21515E-01
618.6  4.20236E-01
618.7  4.18960E-01
618.8  4.17686E-01
618.9  4.16415E-01
619.0  4.15148E-01
619.1  4.13882E-01
619.2  4.12620E-01
619.3  4.11361E-01
619.4  4.10105E-01
619.5  4.08852E-01
619.6  4.07602E-01
619.7  4.06355E-01
619.8  4.05111E-01
619.9  4.03871E-01
620.0  4.02633E-01
620.1  4.01400E-01
620.2  4.00169E-01
620.3  3.98941E-01
620.4  3.97716E-01
620.5  3.96494E-01
620.6  3.95275E-01
620.7  3.94058E-01
620.8  3.92843E-01
620.9  3.91631E-01
621.0  3.90421E-01
621.1  3.89213E-01
621.2  3.88007E-01
621.3  3.86803E-01
621.4  3.85601E-01
621.5  3.84400E-01
621.6  3.83200E-01
621.7  3.82002E-01
621.8  3.80805E-01
621.9  3.79610E-01
622.0  3.78415E-01
622.1  3.77221E-01
622.2  3.76028E-01
622.3  3.74836E-01
622.4  3.73644E-01
622.5  3.72453E-01
622.6  3.71262E-01
622.7  3.70072E-01
622.8  3.68882E-01
622.9  3.67691E-01
623.0  3.66501E-01
623.1  3.65311E-01
623.2  3.64120E-01
623.3  3.62930E-01
623.4  3.61739E-01
623.5  3.60547E-01
623.6  3.59355E-01
623.7  3.58162E-01
623.8  3.56969E-01
623.9  3.55775E-01
624.0  3.54579E-01
624.1  3.53383E-01
624.2  3.52186E-01
624.3  3.50988E-01
624.4  3.49788E-01
624.5  3.48588E-01
624.6  3.47386E-01
624.7  3.46182E-01
624.8  3.44977E-01
624.9  3.43770E-01
625.0  3.42562E-01
625.1  3.41352E-01
625.2  3.40141E-01
625.3  3.38928E-01
625.4  3.37714E-01
625.5  3.36498E-01
625.6  3.35282E-01
625.7  3.34064E-01
625.8  3.32846E-01
625.9  3.31626E-01
626.0  3.30407E-01
626.1  3.29186E-01
626.2  3.27966E-01
626.3  3.26745E-01
626.4  3.25524E-01
626.5  3.24303E-01
626.6  3.23081E-01
626.7  3.21861E-01
626.8  3.20640E-01
626.9  3.19420E-01
627.0  3.18200E-01
627.1  3.16981E-01
627.2  3.15762E-01
627.3  3.14545E-01
627.4  3.13328E-01
627.5  3.12112E-01
627.6  3.10897E-01
627.7  3.09684E-01
627.8  3.08472E-01
627.9  3.07261E-01
628.0  3.06052E-01
628.1  3.04844E-01
628.2  3.03638E-01
628.3  3.02433E-01
628.4  3.01231E-01
628.5  3.00030E-01
628.6  2.98832E-01
628.7  2.97635E-01
628.8  2.96441E-01
628.9  2.95249E-01
629.0  2.94060E-01
629.1  2.92873E-01
629.2  2.91688E-01
629.3  2.90506E-01
629.4  2.89326E-01
629.5  2.88150E-01
629.6  2.86976E-01
629.7  2.85805E-01
629.8  2.84637E-01
629.9  2.83472E-01
630.0  2.82310E-01
630.1  2.81152E-01
630.2  2.79996E-01
630.3  2.78844E-01
630.4  2.77695E-01
630.5  2.76549E-01
630.6  2.75407E-01
630.7  2.74268E-01
630.8  2.73132E-01
630.9  2.71999E-01
631.0  2.70870E-01
631.1  2.69743E-01
631.2  2.68621E-01
631.3  2.67501E-01
631.4  2.66385E-01
631.5  2.65272E-01
631.6  2.64163E-01
631.7  2.63057E-01
631.8  2.61954E-01
631.9  2.60854E-01
632.0  2.59758E-01
632.1  2.58666E-01
632.2  2.57577E-01
632.3  2.56491E-01
632.4  2.55408E-01
632.5  2.54329E-01
632.6  2.53254E-01
632.7  2.52182E-01
632.8  2.51113E-01
632.9  2.50048E-01
633.0  2.48986E-01
633.1  2.47927E-01
633.2  2.46872E-01
633.3  2.45821E-01
633.4  2.44773E-01
633.5  2.43729E-01
633.6  2.42688E-01
633.7  2.41650E-01
633.8  2.40616E-01
633.9  2.39585E-01
634.0  2.38558E-01
634.1  2.37535E-01
634.2  2.36515E-01
634.3  2.35498E-01
634.4  2.34485E-01
634.5  2.33476E-01
634.6  2.32469E-01
634.7  2.31467E-01
634.8  2.30468E-01
634.9  2.29473E-01
635.0  2.28481E-01
635.1  2.27492E-01
635.2  2.26507E-01
635.3  2.25526E-01
635.4  2.24548E-01
635.5  2.23574E-01
635.6  2.22603E-01
635.7  2.21636E-01
635.8  2.20672E-01
635.9  2.19712E-01
636.0  2.18755E-01
636.1  2.17802E-01
636.2  2.16852E-01
636.3  2.15906E-01
636.4  2.14964E-01
636.5  2.14025E-01
636.6  2.13089E-01
636.7  2.12157E-01
636.8  2.11229E-01
636.9  2.10304E-01
637.0  2.09383E-01
637.1  2.08465E-01
637.2  2.07551E-01
637.3  2.06640E-01
637.4  2.05733E-01
637.5  2.04830E-01
637.6  2.03930E-01
637.7  2.03033E-01
637.8  2.02140E-01
637.9  2.01250E-01
638.0  2.00365E-01
638.1  1.99482E-01
638.2  1.98603E-01
638.3  1.97728E-01
638.4  1.96856E-01
638.5  1.95988E-01
638.6  1.95123E-01
638.7  1.94261E-01
638.8  1.93404E-01
638.9  1.92549E-01
639.0  1.91699E-01
639.1  1.90851E-01
639.2  1.90008E-01
639.3  1.89167E-01
639.4  1.88331E-01
639.5  1.87497E-01
639.6  1.86667E-01
639.7  1.85841E-01
639.8  1.85018E-01
639.9  1.84199E-01
640.0  1.83383E-01
640.1  1.82571E-01
640.2  1.81762E-01
640.3  1.80956E-01
640.4  1.80154E-01
640.5  1.79355E-01
640.6  1.78559E-01
640.7  1.77766E-01
640.8  1.76976E-01
640.9  1.76189E-01
641.0  1.75405E-01
641.1  1.74623E-01
641.2  1.73845E-01
641.3  1.73069E-01
641.4  1.72296E-01
641.5  1.71525E-01
641.6  1.70757E-01
641.7  1.69992E-01
641.8  1.69229E-01
641.9  1.68468E-01
642.0  1.67710E-01
642.1  1.66954E-01
642.2  1.66200E-01
642.3  1.65448E-01
642.4  1.64699E-01
642.5  1.63951E-01
642.6  1.63206E-01
642.7  1.62462E-01
642.8  1.61721E-01
642.9  1.60981E-01
643.0  1.60243E-01
643.1  1.59507E-01
643.2  1.58773E-01
643.3  1.58040E-01
643.4  1.57309E-01
643.5  1.56580E-01
643.6  1.55852E-01
643.7  1.55126E-01
643.8  1.54401E-01
643.9  1.53677E-01
644.0  1.52956E-01
644.1  1.52235E-01
644.2  1.51516E-01
644.3  1.50798E-01
644.4  1.50081E-01
644.5  1.49366E-01
644.6  1.48652E-01
644.7  1.47939E-01
644.8  1.47227E-01
644.9  1.46516E-01
645.0  1.45807E-01
645.1  1.45098E-01
645.2  1.44390E-01
645.3  1.43684E-01
645.4  1.42979E-01
645.5  1.42275E-01
645.6  1.41572E-01
645.7  1.40870E-01
645.8  1.40170E-01
645.9  1.39471E-01
646.0  1.38774E-01
646.1  1.38077E-01
646.2  1.37383E-01
646.3  1.36689E-01
646.4  1.35998E-01
646.5  1.35307E-01
646.6  1.34619E-01
646.7  1.33932E-01
646.8  1.33246E-01
646.9  1.32562E-01
647.0  1.31880E-01
647.1  1.31200E-01
647.2  1.30521E-01
647.3  1.29844E-01
647.4  1.29169E-01
647.5  1.28496E-01
647.6  1.27824E-01
647.7  1.27155E-01
647.8  1.26487E-01
647.9  1.25822E-01
648.0  1.25158E-01
648.1  1.24496E-01
648.2  1.23836E-01
648.3  1.23178E-01
648.4  1.22523E-01
648.5  1.21869E-01
648.6  1.21217E-01
648.7  1.20568E-01
648.8  1.19921E-01
648.9  1.19276E-01
649.0  1.18633E-01
649.1  1.17992E-01
649.2  1.17353E-01
649.3  1.16717E-01
649.4  1.16083E-01
649.5  1.15451E-01
649.6  1.14822E-01
649.7  1.14194E-01
649.8  1.13570E-01
649.9  1.12947E-01
650.0  1.12327E-01
650.1  1.11709E-01
650.2  1.11094E-01
650.3  1.10481E-01
650.4  1.09870E-01
650.5  1.09262E-01
650.6  1.08656E-01
650.7  1.08053E-01
650.8  1.07452E-01
650.9  1.06854E-01
651.0  1.06258E-01
651.1  1.05664E-01
651.2  1.05073E-01
651.3  1.04484E-01
651.4  1.03898E-01
651.5  1.03315E-01
651.6  1.02733E-01
651.7  1.02155E-01
651.8  1.01578E-01
651.9  1.01005E-01
652.0  1.00434E-01
652.1  9.98649E-02
652.2  9.92987E-02
652.3  9.87351E-02
652.4  9.81739E-02
652.5  9.76153E-02
652.6  9.70592E-02
652.7  9.65057E-02
652.8  9.59546E-02
652.9  9.54061E-02
653.0  9.48602E-02
653.1  9.43167E-02
653.2  9.37758E-02
653.3  9.32375E-02
653.4  9.27016E-02
653.5  9.21684E-02
653.6  9.16376E-02
653.7  9.11094E-02
653.8  9.05838E-02
653.9  9.00606E-02
654.0  8.95401E-02
654.1  8.90220E-02
654.2  8.85065E-02
654.3  8.79936E-02
654.4  8.74831E-02
654.5  8.69752E-02
654.6  8.64699E-02
654.7  8.59671E-02
654.8  8.54668E-02
654.9  8.49690E-02
655.0  8.44738E-02
655.1  8.39811E-02
655.2  8.34909E-02
655.3  8.30032E-02
655.4  8.25180E-02
655.5  8.20353E-02
655.6  8.15551E-02
655.7  8.10773E-02
655.8  8.06020E-02
655.9  8.01291E-02
656.0  7.96586E-02
656.1  7.91905E-02
656.2  7.87249E-02
656.3  7.82616E-02
656.4  7.78008E-02
656.5  7.73423E-02
656.6  7.68861E-02
656.7  7.64323E-02
656.8  7.59809E-02
656.9  7.55318E-02
657.0  7.50850E-02
657.1  7.46405E-02
657.2  7.41983E-02
657.3  7.37584E-02
657.4  7.33208E-02
657.5  7.28854E-02
657.6  7.24524E-02
657.7  7.20215E-02
657.8  7.15929E-02
657.9  7.11665E-02
658.0  7.07424E-02
658.1  7.03204E-02
658.2  6.99007E-02
658.3  6.94831E-02
658.4  6.90677E-02
658.5  6.86545E-02
658.6  6.82435E-02
658.7  6.78345E-02
658.8  6.74278E-02
658.9  6.70231E-02
659.0  6.66206E-02
659.1  6.62202E-02
659.2  6.58219E-02
659.3  6.54257E-02
659.4  6.50315E-02
659.5  6.46395E-02
659.6  6.42495E-02
659.7  6.38615E-02
659.8  6.34756E-02
659.9  6.30917E-02
660.0  6.27099E-02
660.1  6.23301E-02
660.2  6.19522E-02
660.3  6.15764E-02
660.4  6.12026E-02
660.5  6.08307E-02
660.6  6.04609E-02
660.7  6.00930E-02
660.8  5.97270E-02
660.9  5.93631E-02
661.0  5.90010E-02
661.1  5.86410E-02
661.2  5.82828E-02
661.3  5.79266E-02
661.4  5.75723E-02
661.5  5.72199E-02
661.6  5.68694E-02
661.7  5.65208E-02
661.8  5.61741E-02
661.9  5.58292E-02
662.0  5.54863E-02
662.1  5.51452E-02
662.2  5.48059E-02
662.3  5.44685E-02
662.4  5.41330E-02
662.5  5.37993E-02
662.6  5.34674E-02
662.7  5.31373E-02
662.8  5.28091E-02
662.9  5.24826E-02
663.0  5.21580E-02
663.1  5.18351E-02
663.2  5.15140E-02
663.3  5.11947E-02
663.4  5.08772E-02
663.5  5.05614E-02
663.6  5.02474E-02
663.7  4.99351E-02
663.8  4.96246E-02
663.9  4.93157E-02
664.0  4.90086E-02
664.1  4.87033E-02
664.2  4.83996E-02
664.3  4.80976E-02
664.4  4.77973E-02
664.5  4.74987E-02
664.6  4.72018E-02
664.7  4.69066E-02
664.8  4.66130E-02
664.9  4.63211E-02
665.0  4.60308E-02
665.1  4.57421E-02
665.2  4.54551E-02
665.3  4.51697E-02
665.4  4.48860E-02
665.5  4.46038E-02
665.6  4.43232E-02
665.7  4.40442E-02
665.8  4.37668E-02
665.9  4.34910E-02
666.0  4.32167E-02
666.1  4.29440E-02
666.2  4.26728E-02
666.3  4.24032E-02
666.4  4.21350E-02
666.5  4.18684E-02
666.6  4.16033E-02
666.7  4.13397E-02
666.8  4.10776E-02
666.9  4.08170E-02
667.0  4.05579E-02
667.1  4.03002E-02
667.2  4.00440E-02
667.3  3.97892E-02
667.4  3.95359E-02
667.5  3.92841E-02
667.6  3.90336E-02
667.7  3.87846E-02
667.8  3.85370E-02
667.9  3.82908E-02
668.0  3.80460E-02
668.1  3.78025E-02
668.2  3.75605E-02
668.3  3.73198E-02
668.4  3.70806E-02
668.5  3.68426E-02
668.6  3.66061E-02
668.7  3.63708E-02
668.8  3.61369E-02
668.9  3.59044E-02
669.0  3.56731E-02
669.1  3.54432E-02
669.2  3.52146E-02
669.3  3.49873E-02
669.4  3.47613E-02
669.5  3.45366E-02
669.6  3.43132E-02
669.7  3.40910E-02
669.8  3.38701E-02
669.9  3.36505E-02
670.0  3.34321E-02
670.1  3.32150E-02
670.2  3.29991E-02
670.3  3.27845E-02
670.4  3.25711E-02
670.5  3.23589E-02
670.6  3.21479E-02
670.7  3.19382E-02
670.8  3.17296E-02
670.9  3.15223E-02
671.0  3.13161E-02
671.1  3.11111E-02
671.2  3.09073E-02
671.3  3.07047E-02
671.4  3.05033E-02
671.5  3.03030E-02
671.6  3.01038E-02
671.7  2.99058E-02
671.8  2.97090E-02
671.9  2.95133E-02
672.0  2.93187E-02
672.1  2.91253E-02
672.2  2.89330E-02
672.3  2.87418E-02
672.4  2.85517E-02
672.5  2.83627E-02
672.6  2.81748E-02
672.7  2.79880E-02
672.8  2.78023E-02
672.9  2.76176E-02
673.0  2.74341E-02
673.1  2.72516E-02
673.2  2.70702E-02
673.3  2.68898E-02
673.4  2.67105E-02
673.5  2.65323E-02
673.6  2.63550E-02
673.7  2.61789E-02
673.8  2.60037E-02
673.9  2.58296E-02
674.0  2.56565E-02
674.1  2.54844E-02
674.2  2.53134E-02
674.3  2.51433E-02
674.4  2.49742E-02
674.5  2.48062E-02
674.6  2.46391E-02
674.7  2.44730E-02
674.8  2.43079E-02
674.9  2.41437E-02
675.0  2.39806E-02
675.1  2.38184E-02
675.2  2.36571E-02
675.3  2.34969E-02
675.4  2.33375E-02
675.5  2.31792E-02
675.6  2.30217E-02
675.7  2.28652E-02
675.8  2.27097E-02
675.9  2.25551E-02
676.0  2.24014E-02
676.1  2.22486E-02
676.2  2.20968E-02
676.3  2.19458E-02
676.4  2.17958E-02
676.5  2.16467E-02
676.6  2.14985E-02
676.7  2.13512E-02
676.8  2.12048E-02
676.9  2.10593E-02
677.0  2.09147E-02
677.1  2.07710E-02
677.2  2.06282E-02
677.3  2.04862E-02
677.4  2.03451E-02
677.5  2.02049E-02
677.6  2.00656E-02
677.7  1.99271E-02
677.8  1.97894E-02
677.9  1.96527E-02
678.0  1.95167E-02
678.1  1.93817E-02
678.2  1.92474E-02
678.3  1.91140E-02
678.4  1.89815E-02
678.5  1.88497E-02
678.6  1.87188E-02
678.7  1.85888E-02
678.8  1.84595E-02
678.9  1.83311E-02
679.0  1.82034E-02
679.1  1.80766E-02
679.2  1.79506E-02
679.3  1.78253E-02
679.4  1.77009E-02
679.5  1.75773E-02
679.6  1.74544E-02
679.7  1.73324E-02
679.8  1.72111E-02
679.9  1.70906E-02
680.0  1.69708E-02
680.1  1.68519E-02
680.2  1.67337E-02
680.3  1.66162E-02
680.4  1.64995E-02
680.5  1.63836E-02
680.6  1.62683E-02
680.7  1.61538E-02
680.8  1.60401E-02
680.9  1.59270E-02
681.0  1.58146E-02
681.1  1.57030E-02
681.2  1.55921E-02
681.3  1.54818E-02
681.4  1.53722E-02
681.5  1.52633E-02
681.6  1.51551E-02
681.7  1.50476E-02
681.8  1.49407E-02
681.9  1.48344E-02
682.0  1.47289E-02
682.1  1.46239E-02
682.2  1.45197E-02
682.3  1.44160E-02
682.4  1.43130E-02
682.5  1.42106E-02
682.6  1.41088E-02
682.7  1.40077E-02
682.8  1.39071E-02
682.9  1.38072E-02
683.0  1.37078E-02
683.1  1.36091E-02
683.2  1.35109E-02
683.3  1.34134E-02
683.4  1.33164E-02
683.5  1.32200E-02
683.6  1.31242E-02
683.7  1.30289E-02
683.8  1.29342E-02
683.9  1.28401E-02
684.0  1.27466E-02
684.1  1.26535E-02
684.2  1.25611E-02
684.3  1.24692E-02
684.4  1.23778E-02
684.5  1.22869E-02
684.6  1.21966E-02
684.7  1.21069E-02
684.8  1.20176E-02
684.9  1.19289E-02
685.0  1.18407E-02
685.1  1.17530E-02
685.2  1.16658E-02
685.3  1.15792E-02
685.4  1.14930E-02
685.5  1.14075E-02
685.6  1.13224E-02
685.7  1.12379E-02
685.8  1.11539E-02
685.9  1.10704E-02
686.0  1.09875E-02
686.1  1.09052E-02
686.2  1.08234E-02
686.3  1.07421E-02
686.4  1.06614E-02
686.5  1.05812E-02
686.6  1.05016E-02
686.7  1.04226E-02
686.8  1.03441E-02
686.9  1.02662E-02
687.0  1.01888E-02
687.1  1.01120E-02
687.2  1.00357E-02
687.3  9.96002E-03
687.4  9.88490E-03
687.5  9.81033E-03
687.6  9.73633E-03
687.7  9.66289E-03
687.8  9.59002E-03
687.9  9.51771E-03
688.0  9.44596E-03
688.1  9.37478E-03
688.2  9.30416E-03
688.3  9.23410E-03
688.4  9.16461E-03
688.5  9.09567E-03
688.6  9.02730E-03
688.7  8.95949E-03
688.8  8.89224E-03
688.9  8.82555E-03
689.0  8.75942E-03
689.1  8.69384E-03
689.2  8.62882E-03
689.3  8.56436E-03
689.4  8.50045E-03
689.5  8.43709E-03
689.6  8.37429E-03
689.7  8.31203E-03
689.8  8.25033E-03
689.9  8.18917E-03
690.0  8.12855E-03
690.1  8.06848E-03
690.2  8.00894E-03
690.3  7.94993E-03
690.4  7.89145E-03
690.5  7.83347E-03
690.6  7.77601E-03
690.7  7.71904E-03
690.8  7.66256E-03
690.9  7.60657E-03
691.0  7.55106E-03
691.1  7.49602E-03
691.2  7.44144E-03
691.3  7.38732E-03
691.4  7.33366E-03
691.5  7.28044E-03
691.6  7.22765E-03
691.7  7.17531E-03
691.8  7.12339E-03
691.9  7.07189E-03
692.0  7.02081E-03
692.1  6.97014E-03
692.2  6.91987E-03
692.3  6.87000E-03
692.4  6.82053E-03
692.5  6.77144E-03
692.6  6.72274E-03
692.7  6.67441E-03
692.8  6.62646E-03
692.9  6.57888E-03
693.0  6.53166E-03
693.1  6.48480E-03
693.2  6.43829E-03
693.3  6.39213E-03
693.4  6.34631E-03
693.5  6.30084E-03
693.6  6.25570E-03
693.7  6.21089E-03
693.8  6.16641E-03
693.9  6.12225E-03
694.0  6.07841E-03
694.1  6.03488E-03
694.2  5.99166E-03
694.3  5.94875E-03
694.4  5.90614E-03
694.5  5.86383E-03
694.6  5.82182E-03
694.7  5.78009E-03
694.8  5.73866E-03
694.9  5.69750E-03
695.0  5.65663E-03
695.1  5.61604E-03
695.2  5.57572E-03
695.3  5.53567E-03
695.4  5.49590E-03
695.5  5.45640E-03
695.6  5.41717E-03
695.7  5.37821E-03
695.8  5.33952E-03
695.9  5.30109E-03
696.0  5.26292E-03
696.1  5.22502E-03
696.2  5.18738E-03
696.3  5.15001E-03
696.4  5.11289E-03
696.5  5.07602E-03
696.6  5.03942E-03
696.7  5.00307E-03
696.8  4.96697E-03
696.9  4.93113E-03
697.0  4.89553E-03
697.1  4.86019E-03
697.2  4.82509E-03
697.3  4.79024E-03
697.4  4.75564E-03
697.5  4.72128E-03
697.6  4.68716E-03
697.7  4.65328E-03
697.8  4.61965E-03
697.9  4.58625E-03
698.0  4.55309E-03
698.1  4.52016E-03
698.2  4.48747E-03
698.3  4.45501E-03
698.4  4.42279E-03
698.5  4.39079E-03
698.6  4.35903E-03
698.7  4.32749E-03
698.8  4.29618E-03
698.9  4.26509E-03
699.0  4.23423E-03
699.1  4.20359E-03
699.2  4.17317E-03
699.3  4.14297E-03
699.4  4.11299E-03
699.5  4.08322E-03
699.6  4.05368E-03
699.7  4.02434E-03
699.8  3.99522E-03
699.9  3.96632E-03
700.0  3.93762E-03
700.1  3.90913E-03
700.2  3.88085E-03
700.3  3.85278E-03
700.4  3.82490E-03
700.5  3.79723E-03
700.6  3.76976E-03
700.7  3.74249E-03
700.8  3.71541E-03
700.9  3.68852E-03
701.0  3.66183E-03
701.1  3.63532E-03
701.2  3.60900E-03
701.3  3.58287E-03
701.4  3.55692E-03
701.5  3.53115E-03
701.6  3.50557E-03
701.7  3.48016E-03
701.8  3.45493E-03
701.9  3.42987E-03
702.0  3.40499E-03
702.1  3.38028E-03
702.2  3.35574E-03
702.3  3.33136E-03
702.4  3.30716E-03
702.5  3.28312E-03
702.6  3.25924E-03
702.7  3.23553E-03
702.8  3.21197E-03
702.9  3.18858E-03
703.0  3.16534E-03
703.1  3.14226E-03
703.2  3.11934E-03
703.3  3.09657E-03
703.4  3.07395E-03
703.5  3.05148E-03
703.6  3.02916E-03
703.7  3.00699E-03
703.8  2.98496E-03
703.9  2.96308E-03
704.0  2.94135E-03
704.1  2.91976E-03
704.2  2.89831E-03
704.3  2.87700E-03
704.4  2.85582E-03
704.5  2.83479E-03
704.6  2.81390E-03
704.7  2.79314E-03
704.8  2.77251E-03
704.9  2.75202E-03
705.0  2.73166E-03
705.1  2.71143E-03
705.2  2.69133E-03
705.3  2.67136E-03
705.4  2.65152E-03
705.5  2.63182E-03
705.6  2.61224E-03
705.7  2.59279E-03
705.8  2.57347E-03
705.9  2.55428E-03
706.0  2.53521E-03
706.1  2.51628E-03
706.2  2.49747E-03
706.3  2.47879E-03
706.4  2.46023E-03
706.5  2.44180E-03
706.6  2.42350E-03
706.7  2.40532E-03
706.8  2.38727E-03
706.9  2.36934E-03
707.0  2.35154E-03
707.1  2.33386E-03
707.2  2.31630E-03
707.3  2.29887E-03
707.4  2.28155E-03
707.5  2.26436E-03
707.6  2.24730E-03
707.7  2.23035E-03
707.8  2.21352E-03
707.9  2.19681E-03
708.0  2.18022E-03
708.1  2.16375E-03
708.2  2.14740E-03
708.3  2.13117E-03
708.4  2.11505E-03
708.5  2.09906E-03
708.6  2.08317E-03
708.7  2.06741E-03
708.8  2.05176E-03
708.9  2.03622E-03
709.0  2.02080E-03
709.1  2.00549E-03
709.2  1.99029E-03
709.3  1.97521E-03
709.4  1.96024E-03
709.5  1.94538E-03
709.6  1.93064E-03
709.7  1.91600E-03
709.8  1.90147E-03
709.9  1.88706E-03
710.0  1.87275E-03
710.1  1.85855E-03
710.2  1.84446E-03
710.3  1.83047E-03
710.4  1.81659E-03
710.5  1.80282E-03
710.6  1.78915E-03
710.7  1.77559E-03
710.8  1.76213E-03
710.9  1.74878E-03
711.0  1.73553E-03
711.1  1.72238E-03
711.2  1.70933E-03
711.3  1.69638E-03
711.4  1.68353E-03
711.5  1.67079E-03
711.6  1.65814E-03
711.7  1.64559E-03
711.8  1.63314E-03
711.9  1.62079E-03
712.0  1.60853E-03
712.1  1.59637E-03
712.2  1.58431E-03
712.3  1.57234E-03
712.4  1.56047E-03
712.5  1.54868E-03
712.6  1.53700E-03
712.7  1.52540E-03
712.8  1.51390E-03
712.9  1.50249E-03
713.0  1.49117E-03
713.1  1.47994E-03
713.2  1.46880E-03
713.3  1.45775E-03
713.4  1.44679E-03
713.5  1.43591E-03
713.6  1.42513E-03
713.7  1.41443E-03
713.8  1.40381E-03
713.9  1.39329E-03
714.0  1.38284E-03
714.1  1.37248E-03
714.2  1.36221E-03
714.3  1.35202E-03
714.4  1.34191E-03
714.5  1.33189E-03
714.6  1.32194E-03
714.7  1.31208E-03
714.8  1.30230E-03
714.9  1.29260E-03
715.0  1.28298E-03
715.1  1.27343E-03
715.2  1.26397E-03
715.3  1.25458E-03
715.4  1.24527E-03
715.5  1.23603E-03
715.6  1.22687E-03
715.7  1.21778E-03
715.8  1.20877E-03
715.9  1.19982E-03
716.0  1.19095E-03
716.1  1.18215E-03
716.2  1.17342E-03
716.3  1.16476E-03
716.4  1.15617E-03
716.5  1.14764E-03
716.6  1.13918E-03
716.7  1.13079E-03
716.8  1.12246E-03
716.9  1.11420E-03
717.0  1.10600E-03
717.1  1.09786E-03
717.2  1.08979E-03
717.3  1.08178E-03
717.4  1.07383E-03
717.5  1.06594E-03
717.6  1.05811E-03
717.7  1.05034E-03
717.8  1.04263E-03
717.9  1.03498E-03
718.0  1.02738E-03
718.1  1.01984E-03
718.2  1.01236E-03
718.3  1.00494E-03
718.4  9.97566E-04
718.5  9.90250E-04
718.6  9.82988E-04
718.7  9.75779E-04
718.8  9.68624E-04
718.9  9.61521E-04
719.0  9.54469E-04
719.1  9.47470E-04
719.2  9.40521E-04
719.3  9.33622E-04
719.4  9.26774E-04
719.5  9.19974E-04
719.6  9.13224E-04
719.7  9.06522E-04
719.8  8.99868E-04
719.9  8.93261E-04
720.0  8.86702E-04
720.1  8.80189E-04
720.2  8.73722E-04
720.3  8.67302E-04
720.4  8.60927E-04
720.5  8.54598E-04
720.6  8.48315E-04
720.7  8.42077E-04
720.8  8.35884E-04
720.9  8.29736E-04
721.0  8.23632E-04
721.1  8.17573E-04
721.2  8.11558E-04
721.3  8.05588E-04
721.4  7.99661E-04
721.5  7.93777E-04
721.6  7.87937E-04
721.7  7.82141E-04
721.8  7.76387E-04
721.9  7.70676E-04
722.0  7.65007E-04
722.1  7.59381E-04
722.2  7.53796E-04
722.3  7.48254E-04
722.4  7.42753E-04
722.5  7.37293E-04
722.6  7.31875E-04
722.7  7.26498E-04
722.8  7.21161E-04
722.9  7.15865E-04
723.0  7.10609E-04
723.1  7.05393E-04
723.2  7.00217E-04
723.3  6.95081E-04
723.4  6.89984E-04
723.5  6.84926E-04
723.6  6.79907E-04
723.7  6.74927E-04
723.8  6.69985E-04
723.9  6.65081E-04
724.0  6.60216E-04
724.1  6.55388E-04
724.2  6.50598E-04
724.3  6.45845E-04
724.4  6.41130E-04
724.5  6.36451E-04
724.6  6.31809E-04
724.7  6.27204E-04
724.8  6.22634E-04
724.9  6.18101E-04
725.0  6.13604E-04
725.1  6.09142E-04
725.2  6.04715E-04
725.3  6.00323E-04
725.4  5.95966E-04
725.5  5.91643E-04
725.6  5.87354E-04
725.7  5.83098E-04
725.8  5.78876E-04
725.9  5.74686E-04
726.0  5.70529E-04
726.1  5.66404E-04
726.2  5.62311E-04
726.3  5.58250E-04
726.4  5.54220E-04
726.5  5.50221E-04
726.6  5.46253E-04
726.7  5.42315E-04
726.8  5.38408E-04
726.9  5.34530E-04
727.0  5.30681E-04
727.1  5.26862E-04
727.2  5.23072E-04
727.3  5.19311E-04
727.4  5.15578E-04
727.5  5.11873E-04
727.6  5.08196E-04
727.7  5.04547E-04
727.8  5.00926E-04
727.9  4.97331E-04
728.0  4.93763E-04
728.1  4.90222E-04
728.2  4.86707E-04
728.3  4.83219E-04
728.4  4.79756E-04
728.5  4.76319E-04
728.6  4.72907E-04
728.7  4.69521E-04
728.8  4.66159E-04
728.9  4.62822E-04
729.0  4.59510E-04
729.1  4.56222E-04
729.2  4.52958E-04
729.3  4.49718E-04
729.4  4.46501E-04
729.5  4.43308E-04
729.6  4.40138E-04
729.7  4.36991E-04
729.8  4.33867E-04
729.9  4.30766E-04
730.0  4.27686E-04
730.1  4.24629E-04
730.2  4.21594E-04
730.3  4.18581E-04
730.4  4.15589E-04
730.5  4.12619E-04
730.6  4.09670E-04
730.7  4.06743E-04
730.8  4.03836E-04
730.9  4.00949E-04
731.0  3.98084E-04
731.1  3.95238E-04
731.2  3.92413E-04
731.3  3.89608E-04
731.4  3.86823E-04
731.5  3.84058E-04
731.6  3.81312E-04
731.7  3.78585E-04
731.8  3.75878E-04
731.9  3.73190E-04
732.0  3.70520E-04
732.1  3.67870E-04
732.2  3.65238E-04
732.3  3.62624E-04
732.4  3.60029E-04
732.5  3.57452E-04
732.6  3.54893E-04
732.7  3.52352E-04
732.8  3.49829E-04
732.9  3.47323E-04
733.0  3.44834E-04
733.1  3.42363E-04
733.2  3.39909E-04
733.3  3.37472E-04
733.4  3.35052E-04
733.5  3.32649E-04
733.6  3.30262E-04
733.7  3.27892E-04
733.8  3.25538E-04
733.9  3.23201E-04
734.0  3.20879E-04
734.1  3.18574E-04
734.2  3.16284E-04
734.3  3.14010E-04
734.4  3.11752E-04
734.5  3.09509E-04
734.6  3.07281E-04
734.7  3.05069E-04
734.8  3.02872E-04
734.9  3.00690E-04
735.0  2.98523E-04
735.1  2.96370E-04
735.2  2.94232E-04
735.3  2.92110E-04
735.4  2.90001E-04
735.5  2.87908E-04
735.6  2.85829E-04
735.7  2.83764E-04
735.8  2.81715E-04
735.9  2.79680E-04
736.0  2.77659E-04
736.1  2.75653E-04
736.2  2.73661E-04
736.3  2.71683E-04
736.4  2.69720E-04
736.5  2.67772E-04
736.6  2.65837E-04
736.7  2.63917E-04
736.8  2.62011E-04
736.9  2.60119E-04
737.0  2.58242E-04
737.1  2.56378E-04
737.2  2.54528E-04
737.3  2.52693E-04
737.4  2.50871E-04
737.5  2.49063E-04
737.6  2.47269E-04
737.7  2.45488E-04
737.8  2.43721E-04
737.9  2.41968E-04
738.0  2.40229E-04
738.1  2.38503E-04
738.2  2.36791E-04
738.3  2.35092E-04
738.4  2.33406E-04
738.5  2.31734E-04
738.6  2.30075E-04
738.7  2.28429E-04
738.8  2.26796E-04
738.9  2.25176E-04
739.0  2.23570E-04
739.1  2.21976E-04
739.2  2.20395E-04
739.3  2.18827E-04
739.4  2.17272E-04
739.5  2.15729E-04
739.6  2.14200E-04
739.7  2.12682E-04
739.8  2.11178E-04
739.9  2.09685E-04
740.0  2.08205E-04
740.1  2.06738E-04
740.2  2.05282E-04
740.3  2.03839E-04
740.4  2.02407E-04
740.5  2.00988E-04
740.6  1.99579E-04
740.7  1.98182E-04
740.8  1.96796E-04
740.9  1.95422E-04
741.0  1.94058E-04
741.1  1.92705E-04
741.2  1.91362E-04
741.3  1.90030E-04
741.4  1.88709E-04
741.5  1.87397E-04
741.6  1.86096E-04
741.7  1.84805E-04
741.8  1.83523E-04
741.9  1.82251E-04
742.0  1.80989E-04
742.1  1.79736E-04
742.2  1.78493E-04
742.3  1.77258E-04
742.4  1.76033E-04
742.5  1.74817E-04
742.6  1.73609E-04
742.7  1.72411E-04
742.8  1.71221E-04
742.9  1.70039E-04
743.0  1.68866E-04
743.1  1.67701E-04
743.2  1.66545E-04
743.3  1.65396E-04
743.4  1.64256E-04
743.5  1.63123E-04
743.6  1.61998E-04
743.7  1.60881E-04
743.8  1.59771E-04
743.9  1.58670E-04
744.0  1.57575E-04
744.1  1.56488E-04
744.2  1.55408E-04
744.3  1.54335E-04
744.4  1.53269E-04
744.5  1.52211E-04
744.6  1.51159E-04
744.7  1.50114E-04
744.8  1.49076E-04
744.9  1.48044E-04
745.0  1.47019E-04
745.1  1.46001E-04
745.2  1.44989E-04
745.3  1.43983E-04
745.4  1.42984E-04
745.5  1.41992E-04
745.6  1.41006E-04
745.7  1.40026E-04
745.8  1.39053E-04
745.9  1.38086E-04
746.0  1.37125E-04
746.1  1.36171E-04
746.2  1.35223E-04
746.3  1.34282E-04
746.4  1.33347E-04
746.5  1.32418E-04
746.6  1.31495E-04
746.7  1.30579E-04
746.8  1.29668E-04
746.9  1.28764E-04
747.0  1.27866E-04
747.1  1.26975E-04
747.2  1.26089E-04
747.3  1.25210E-04
747.4  1.24336E-04
747.5  1.23469E-04
747.6  1.22607E-04
747.7  1.21752E-04
747.8  1.20903E-04
747.9  1.20059E-04
748.0  1.19222E-04
748.1  1.18390E-04
748.2  1.17565E-04
748.3  1.16745E-04
748.4  1.15931E-04
748.5  1.15123E-04
748.6  1.14321E-04
748.7  1.13524E-04
748.8  1.12733E-04
748.9  1.11948E-04
749.0  1.11169E-04
749.1  1.10395E-04
749.2  1.09627E-04
749.3  1.08865E-04
749.4  1.08108E-04
749.5  1.07357E-04
749.6  1.06611E-04
749.7  1.05871E-04
749.8  1.05136E-04
749.9  1.04406E-04
750.0  1.03683E-04
750.1  1.02964E-04
750.2  1.02251E-04
750.3  1.01543E-04
750.4  1.00841E-04
750.5  1.00143E-04
750.6  9.94510E-05
750.7  9.87640E-05
750.8  9.80821E-05
750.9  9.74052E-05
751.0  9.67333E-05
751.1  9.60664E-05
751.2  9.54044E-05
751.3  9.47473E-05
751.4  9.40950E-05
751.5  9.34476E-05
751.6  9.28049E-05
751.7  9.21669E-05
751.8  9.15337E-05
751.9  9.09050E-05
752.0  9.02810E-05
752.1  8.96616E-05
752.2  8.90466E-05
752.3  8.84362E-05
752.4  8.78302E-05
752.5  8.72287E-05
752.6  8.66316E-05
752.7  8.60388E-05
752.8  8.54503E-05
752.9  8.48661E-05
753.0  8.42861E-05
753.1  8.37103E-05
753.2  8.31388E-05
753.3  8.25713E-05
753.4  8.20080E-05
753.5  8.14488E-05
753.6  8.08935E-05
753.7  8.03423E-05
753.8  7.97951E-05
753.9  7.92518E-05
754.0  7.87125E-05
754.1  7.81770E-05
754.2  7.76454E-05
754.3  7.71176E-05
754.4  7.65935E-05
754.5  7.60733E-05
754.6  7.55567E-05
754.7  7.50439E-05
754.8  7.45347E-05
754.9  7.40292E-05
755.0  7.35273E-05
755.1  7.30289E-05
755.2  7.25341E-05
755.3  7.20429E-05
755.4  7.15551E-05
755.5  7.10707E-05
755.6  7.05898E-05
755.7  7.01123E-05
755.8  6.96382E-05
755.9  6.91674E-05
756.0  6.86999E-05
756.1  6.82357E-05
756.2  6.77747E-05
756.3  6.73170E-05
756.4  6.68624E-05
756.5  6.64110E-05
756.6  6.59628E-05
756.7  6.55177E-05
756.8  6.50756E-05
756.9  6.46366E-05
757.0  6.42007E-05
757.1  6.37677E-05
757.2  6.33378E-05
757.3  6.29107E-05
757.4  6.24867E-05
757.5  6.20655E-05
757.6  6.16472E-05
757.7  6.12318E-05
757.8  6.08192E-05
757.9  6.04094E-05
758.0  6.00024E-05
758.1  5.95982E-05
758.2  5.91967E-05
758.3  5.87979E-05
758.4  5.84018E-05
758.5  5.80084E-05
758.6  5.76176E-05
758.7  5.72295E-05
758.8  5.68440E-05
758.9  5.64610E-05
759.0  5.60806E-05
759.1  5.57028E-05
759.2  5.53275E-05
759.3  5.49547E-05
759.4  5.45844E-05
759.5  5.42165E-05
759.6  5.38511E-05
759.7  5.34881E-05
759.8  5.31275E-05
759.9  5.27692E-05
760.0  5.24134E-05
760.1  5.20599E-05
760.2  5.17087E-05
760.3  5.13599E-05
760.4  5.10134E-05
760.5  5.06691E-05
760.6  5.03272E-05
760.7  4.99876E-05
760.8  4.96503E-05
760.9  4.93152E-05
761.0  4.89824E-05
761.1  4.86519E-05
761.2  4.83236E-05
761.3  4.79975E-05
761.4  4.76737E-05
761.5  4.73521E-05
761.6  4.70327E-05
761.7  4.67154E-05
761.8  4.64004E-05
761.9  4.60876E-05
762.0  4.57769E-05
762.1  4.54684E-05
762.2  4.51620E-05
762.3  4.48578E-05
762.4  4.45557E-05
762.5  4.42557E-05
762.6  4.39578E-05
762.7  4.36621E-05
762.8  4.33684E-05
762.9  4.30768E-05
763.0  4.27872E-05
763.1  4.24998E-05
763.2  4.22143E-05
763.3  4.19310E-05
763.4  4.16496E-05
763.5  4.13703E-05
763.6  4.10929E-05
763.7  4.08176E-05
763.8  4.05442E-05
763.9  4.02729E-05
764.0  4.00035E-05
764.1  3.97360E-05
764.2  3.94705E-05
764.3  3.92070E-05
764.4  3.89453E-05
764.5  3.86856E-05
764.6  3.84278E-05
764.7  3.81719E-05
764.8  3.79178E-05
764.9  3.76657E-05
765.0  3.74154E-05
765.1  3.71669E-05
765.2  3.69203E-05
765.3  3.66755E-05
765.4  3.64325E-05
765.5  3.61912E-05
765.6  3.59517E-05
765.7  3.57139E-05
765.8  3.54779E-05
765.9  3.52435E-05
766.0  3.50108E-05
766.1  3.47797E-05
766.2  3.45503E-05
766.3  3.43225E-05
766.4  3.40963E-05
766.5  3.38716E-05
766.6  3.36486E-05
766.7  3.34270E-05
766.8  3.32070E-05
766.9  3.29885E-05
767.0  3.27715E-05
767.1  3.25559E-05
767.2  3.23418E-05
767.3  3.21292E-05
767.4  3.19179E-05
767.5  3.17081E-05
767.6  3.14997E-05
767.7  3.12926E-05
767.8  3.10869E-05
767.9  3.08826E-05
768.0  3.06796E-05
768.1  3.04779E-05
768.2  3.02776E-05
768.3  3.00785E-05
768.4  2.98807E-05
768.5  2.96841E-05
768.6  2.94888E-05
768.7  2.92948E-05
768.8  2.91020E-05
768.9  2.89103E-05
769.0  2.87199E-05
769.1  2.85307E-05
769.2  2.83426E-05
769.3  2.81558E-05
769.4  2.79700E-05
769.5  2.77854E-05
769.6  2.76019E-05
769.7  2.74196E-05
769.8  2.72383E-05
769.9  2.70582E-05
770.0  2.68791E-05
770.1  2.67011E-05
770.2  2.65242E-05
770.3  2.63483E-05
770.4  2.61736E-05
770.5  2.59999E-05
770.6  2.58273E-05
770.7  2.56557E-05
770.8  2.54852E-05
770.9  2.53158E-05
771.0  2.51475E-05
771.1  2.49803E-05
771.2  2.48141E-05
771.3  2.46490E-05
771.4  2.44850E-05
771.5  2.43220E-05
771.6  2.41602E-05
771.7  2.39993E-05
771.8  2.38396E-05
771.9  2.36809E-05
772.0  2.35233E-05
772.1  2.33668E-05
772.2  2.32113E-05
772.3  2.30569E-05
772.4  2.29035E-05
772.5  2.27512E-05
772.6  2.26000E-05
772.7  2.24498E-05
772.8  2.23006E-05
772.9  2.21525E-05
773.0  2.20055E-05
773.1  2.18595E-05
773.2  2.17145E-05
773.3  2.15706E-05
773.4  2.14277E-05
773.5  2.12859E-05
773.6  2.11451E-05
773.7  2.10053E-05
773.8  2.08665E-05
773.9  2.07287E-05
774.0  2.05920E-05
774.1  2.04563E-05
774.2  2.03216E-05
774.3  2.01879E-05
774.4  2.00552E-05
774.5  1.99235E-05
774.6  1.97928E-05
774.7  1.96632E-05
774.8  1.95345E-05
774.9  1.94067E-05
775.0  1.92800E-05
775.1  1.91543E-05
775.2  1.90295E-05
775.3  1.89057E-05
775.4  1.87828E-05
775.5  1.86608E-05
775.6  1.85398E-05
775.7  1.84197E-05
775.8  1.83005E-05
775.9  1.81822E-05
776.0  1.80647E-05
776.1  1.79482E-05
776.2  1.78324E-05
776.3  1.77176E-05
776.4  1.76035E-05
776.5  1.74903E-05
776.6  1.73779E-05
776.7  1.72663E-05
776.8  1.71556E-05
776.9  1.70456E-05
777.0  1.69363E-05
777.1  1.68279E-05
777.2  1.67202E-05
777.3  1.66133E-05
777.4  1.65071E-05
777.5  1.64016E-05
777.6  1.62969E-05
777.7  1.61929E-05
777.8  1.60896E-05
777.9  1.59870E-05
778.0  1.58851E-05
778.1  1.57838E-05
778.2  1.56833E-05
778.3  1.55834E-05
778.4  1.54842E-05
778.5  1.53856E-05
778.6  1.52877E-05
778.7  1.51904E-05
778.8  1.50938E-05
778.9  1.49978E-05
779.0  1.49024E-05
779.1  1.48076E-05
779.2  1.47134E-05
779.3  1.46198E-05
779.4  1.45269E-05
779.5  1.44344E-05
779.6  1.43426E-05
779.7  1.42514E-05
779.8  1.41607E-05
779.9  1.40706E-05
780.0  1.39810E-05
780.1  1.38920E-05
780.2  1.38035E-05
780.3  1.37156E-05
780.4  1.36282E-05
780.5  1.35413E-05
780.6  1.34550E-05
780.7  1.33692E-05
780.8  1.32840E-05
780.9  1.31993E-05
781.0  1.31151E-05
781.1  1.30314E-05
781.2  1.29483E-05
781.3  1.28657E-05
781.4  1.27836E-05
781.5  1.27020E-05
781.6  1.26209E-05
781.7  1.25404E-05
781.8  1.24603E-05
781.9  1.23808E-05
782.0  1.23018E-05
782.1  1.22232E-05
782.2  1.21452E-05
782.3  1.20677E-05
782.4  1.19907E-05
782.5  1.19141E-05
782.6  1.18381E-05
782.7  1.17625E-05
782.8  1.16875E-05
782.9  1.16129E-05
783.0  1.15388E-05
783.1  1.14651E-05
783.2  1.13920E-05
783.3  1.13193E-05
783.4  1.12471E-05
783.5  1.11754E-05
783.6  1.11041E-05
783.7  1.10333E-05
783.8  1.09630E-05
783.9  1.08931E-05
784.0  1.08237E-05
784.1  1.07548E-05
784.2  1.06863E-05
784.3  1.06182E-05
784.4  1.05506E-05
784.5  1.04835E-05
784.6  1.04168E-05
784.7  1.03505E-05
784.8  1.02847E-05
784.9  1.02193E-05
785.0  1.01544E-05
785.1  1.00898E-05
785.2  1.00258E-05
785.3  9.96210E-06
785.4  9.89886E-06
785.5  9.83605E-06
785.6  9.77365E-06
785.7  9.71166E-06
785.8  9.65009E-06
785.9  9.58892E-06
786.0  9.52815E-06
786.1  9.46778E-06
786.2  9.40782E-06
786.3  9.34824E-06
786.4  9.28906E-06
786.5  9.23026E-06
786.6  9.17185E-06
786.7  9.11382E-06
786.8  9.05617E-06
786.9  8.99890E-06
787.0  8.94200E-06
787.1  8.88547E-06
787.2  8.82931E-06
787.3  8.77351E-06
787.4  8.71807E-06
787.5  8.66299E-06
787.6  8.60827E-06
787.7  8.55390E-06
787.8  8.49989E-06
787.9  8.44622E-06
788.0  8.39289E-06
788.1  8.33991E-06
788.2  8.28727E-06
788.3  8.23496E-06
788.4  8.18300E-06
788.5  8.13136E-06
788.6  8.08005E-06
788.7  8.02907E-06
788.8  7.97842E-06
788.9  7.92809E-06
789.0  7.87808E-06
789.1  7.82838E-06
789.2  7.77901E-06
789.3  7.72994E-06
789.4  7.68119E-06
789.5  7.63274E-06
789.6  7.58460E-06
789.7  7.53677E-06
789.8  7.48923E-06
789.9  7.44200E-06
790.0  7.39506E-06
790.1  7.34842E-06
790.2  7.30207E-06
790.3  7.25601E-06
790.4  7.21024E-06
790.5  7.16477E-06
790.6  7.11958E-06
790.7  7.07468E-06
790.8  7.03006E-06
790.9  6.98573E-06
791.0  6.94168E-06
791.1  6.89791E-06
791.2  6.85442E-06
791.3  6.81121E-06
791.4  6.76828E-06
791.5  6.72562E-06
791.6  6.68324E-06
791.7  6.64113E-06
791.8  6.59929E-06
791.9  6.55772E-06
792.0  6.51642E-06
792.1  6.47539E-06
792.2  6.43463E-06
792.3  6.39413E-06
792.4  6.35389E-06
792.5  6.31392E-06
792.6  6.27420E-06
792.7  6.23475E-06
792.8  6.19555E-06
792.9  6.15661E-06
793.0  6.11793E-06
793.1  6.07950E-06
793.2  6.04133E-06
793.3  6.00340E-06
793.4  5.96572E-06
793.5  5.92830E-06
793.6  5.89112E-06
793.7  5.85419E-06
793.8  5.81750E-06
793.9  5.78105E-06
794.0  5.74485E-06
794.1  5.70889E-06
794.2  5.67317E-06
794.3  5.63768E-06
794.4  5.60244E-06
794.5  5.56743E-06
794.6  5.53265E-06
794.7  5.49811E-06
794.8  5.46379E-06
794.9  5.42971E-06
795.0  5.39586E-06
795.1  5.36223E-06
795.2  5.32884E-06
795.3  5.29566E-06
795.4  5.26271E-06
795.5  5.22998E-06
795.6  5.19747E-06
795.7  5.16518E-06
795.8  5.13310E-06
795.9  5.10124E-06
796.0  5.06959E-06
796.1  5.03816E-06
796.2  5.00693E-06
796.3  4.97591E-06
796.4  4.94510E-06
796.5  4.91450E-06
796.6  4.88410E-06
796.7  4.85390E-06
796.8  4.82391E-06
796.9  4.79411E-06
797.0  4.76451E-06
797.1  4.73511E-06
797.2  4.70590E-06
797.3  4.67689E-06
797.4  4.64807E-06
797.5  4.61944E-06
797.6  4.59101E-06
797.7  4.56276E-06
797.8  4.53469E-06
797.9  4.50682E-06
798.0  4.47912E-06
798.1  4.45161E-06
798.2  4.42429E-06
798.3  4.39714E-06
798.4  4.37017E-06
798.5  4.34338E-06
798.6  4.31677E-06
798.7  4.29033E-06
798.8  4.26407E-06
798.9  4.23798E-06
799.0  4.21206E-06
799.1  4.18631E-06
799.2  4.16073E-06
799.3  4.13532E-06
799.4  4.11007E-06
799.5  4.08499E-06
799.6  4.06008E-06
799.7  4.03532E-06
799.8  4.01073E-06
799.9  3.98630E-06
800.0  3.96203E-06
800.1  3.93792E-06
800.2  3.91397E-06
800.3  3.89017E-06
800.4  3.86653E-06
800.5  3.84304E-06
800.6  3.81970E-06
800.7  3.79651E-06
800.8  3.77346E-06
800.9  3.75057E-06
801.0  3.72782E-06
801.1  3.70521E-06
801.2  3.68275E-06
801.3  3.66043E-06
801.4  3.63825E-06
801.5  3.61621E-06
801.6  3.59430E-06
801.7  3.57253E-06
801.8  3.55090E-06
801.9  3.52940E-06
802.0  3.50803E-06
802.1  3.48680E-06
802.2  3.46569E-06
802.3  3.44471E-06
802.4  3.42386E-06
802.5  3.40314E-06
802.6  3.38254E-06
802.7  3.36207E-06
802.8  3.34172E-06
802.9  3.32149E-06
803.0  3.30139E-06
803.1  3.28140E-06
803.2  3.26153E-06
803.3  3.24178E-06
803.4  3.22215E-06
803.5  3.20263E-06
803.6  3.18323E-06
803.7  3.16394E-06
803.8  3.14477E-06
803.9  3.12570E-06
804.0  3.10675E-06
804.1  3.08791E-06
804.2  3.06917E-06
804.3  3.05055E-06
804.4  3.03203E-06
804.5  3.01361E-06
804.6  2.99531E-06
804.7  2.97710E-06
804.8  2.95900E-06
804.9  2.94101E-06
805.0  2.92311E-06
805.1  2.90532E-06
805.2  2.88762E-06
805.3  2.87003E-06
805.4  2.85254E-06
805.5  2.83515E-06
805.6  2.81785E-06
805.7  2.80066E-06
805.8  2.78357E-06
805.9  2.76657E-06
806.0  2.74968E-06
806.1  2.73289E-06
806.2  2.71619E-06
806.3  2.69959E-06
806.4  2.68309E-06
806.5  2.66669E-06
806.6  2.65039E-06
806.7  2.63418E-06
806.8  2.61807E-06
806.9  2.60206E-06
807.0  2.58614E-06
807.1  2.57033E-06
807.2  2.55460E-06
807.3  2.53898E-06
807.4  2.52345E-06
807.5  2.50801E-06
807.6  2.49267E-06
807.7  2.47742E-06
807.8  2.46227E-06
807.9  2.44722E-06
808.0  2.43225E-06
808.1  2.41738E-06
808.2  2.40261E-06
808.3  2.38792E-06
808.4  2.37333E-06
808.5  2.35883E-06
808.6  2.34443E-06
808.7  2.33011E-06
808.8  2.31589E-06
808.9  2.30176E-06
809.0  2.28772E-06
809.1  2.27377E-06
809.2  2.25990E-06
809.3  2.24613E-06
809.4  2.23245E-06
809.5  2.21886E-06
809.6  2.20535E-06
809.7  2.19194E-06
809.8  2.17861E-06
809.9  2.16537E-06
810.0  2.15221E-06
810.1  2.13915E-06
810.2  2.12617E-06
810.3  2.11327E-06
810.4  2.10046E-06
810.5  2.08774E-06
810.6  2.07510E-06
810.7  2.06254E-06
810.8  2.05006E-06
810.9  2.03767E-06
811.0  2.02536E-06
811.1  2.01313E-06
811.2  2.00098E-06
811.3  1.98891E-06
811.4  1.97692E-06
811.5  1.96501E-06
811.6  1.95318E-06
811.7  1.94142E-06
811.8  1.92974E-06
811.9  1.91814E-06
812.0  1.90662E-06
812.1  1.89517E-06
812.2  1.88380E-06
812.3  1.87250E-06
812.4  1.86127E-06
812.5  1.85012E-06
812.6  1.83904E-06
812.7  1.82804E-06
812.8  1.81710E-06
812.9  1.80624E-06
813.0  1.79545E-06
813.1  1.78473E-06
813.2  1.77408E-06
813.3  1.76350E-06
813.4  1.75299E-06
813.5  1.74255E-06
813.6  1.73217E-06
813.7  1.72187E-06
813.8  1.71163E-06
813.9  1.70146E-06
814.0  1.69135E-06
814.1  1.68131E-06
814.2  1.67134E-06
814.3  1.66143E-06
814.4  1.65159E-06
814.5  1.64181E-06
814.6  1.63209E-06
814.7  1.62244E-06
814.8  1.61285E-06
814.9  1.60332E-06
815.0  1.59386E-06
815.1  1.58445E-06
815.2  1.57511E-06
815.3  1.56583E-06
815.4  1.55661E-06
815.5  1.54744E-06
815.6  1.53834E-06
815.7  1.52929E-06
815.8  1.52031E-06
815.9  1.51137E-06
816.0  1.50250E-06
816.1  1.49368E-06
816.2  1.48492E-06
816.3  1.47621E-06
816.4  1.46756E-06
816.5  1.45896E-06
816.6  1.45042E-06
816.7  1.44193E-06
816.8  1.43349E-06
816.9  1.42511E-06
817.0  1.41677E-06
817.1  1.40849E-06
817.2  1.40026E-06
817.3  1.39208E-06
817.4  1.38395E-06
817.5  1.37586E-06
817.6  1.36783E-06
817.7  1.35985E-06
817.8  1.35191E-06
817.9  1.34403E-06
818.0  1.33619E-06
818.1  1.32839E-06
818.2  1.32065E-06
818.3  1.31295E-06
818.4  1.30529E-06
818.5  1.29768E-06
818.6  1.29012E-06
818.7  1.28260E-06
818.8  1.27513E-06
818.9  1.26770E-06
819.0  1.26031E-06
819.1  1.25297E-06
819.2  1.24567E-06
819.3  1.23841E-06
819.4  1.23119E-06
819.5  1.22402E-06
819.6  1.21688E-06
819.7  1.20979E-06
819.8  1.20274E-06
819.9  1.19573E-06
820.0  1.18876E-06
820.1  1.18183E-06
820.2  1.17494E-06
820.3  1.16809E-06
820.4  1.16128E-06
820.5  1.15450E-06
820.6  1.14777E-06
820.7  1.14107E-06
820.8  1.13441E-06
820.9  1.12780E-06
821.0  1.12122E-06
821.1  1.11467E-06
821.2  1.10817E-06
821.3  1.10170E-06
821.4  1.09527E-06
821.5  1.08888E-06
821.6  1.08252E-06
821.7  1.07621E-06
821.8  1.06992E-06
821.9  1.06368E-06
822.0  1.05747E-06
822.1  1.05130E-06
822.2  1.04516E-06
822.3  1.03906E-06
822.4  1.03300E-06
822.5  1.02697E-06
822.6  1.02098E-06
822.7  1.01502E-06
822.8  1.00910E-06
822.9  1.00321E-06
823.0  9.97357E-07
823.1  9.91539E-07
823.2  9.85755E-07
823.3  9.80005E-07
823.4  9.74289E-07
823.5  9.68607E-07
823.6  9.62959E-07
823.7  9.57345E-07
823.8  9.51764E-07
823.9  9.46216E-07
824.0  9.40702E-07
824.1  9.35220E-07
824.2  9.29771E-07
824.3  9.24354E-07
824.4  9.18970E-07
824.5  9.13619E-07
824.6  9.08299E-07
824.7  9.03011E-07
824.8  8.97756E-07
824.9  8.92531E-07
825.0  8.87338E-07
825.1  8.82177E-07
825.2  8.77046E-07
825.3  8.71947E-07
825.4  8.66878E-07
825.5  8.61840E-07
825.6  8.56833E-07
825.7  8.51856E-07
825.8  8.46909E-07
825.9  8.41992E-07
826.0  8.37105E-07
826.1  8.32248E-07
826.2  8.27420E-07
826.3  8.22621E-07
826.4  8.17852E-07
826.5  8.13112E-07
826.6  8.08401E-07
826.7  8.03719E-07
826.8  7.99065E-07
826.9  7.94440E-07
827.0  7.89843E-07
827.1  7.85274E-07
827.2  7.80733E-07
827.3  7.76220E-07
827.4  7.71735E-07
827.5  7.67278E-07
827.6  7.62848E-07
827.7  7.58445E-07
827.8  7.54069E-07
827.9  7.49720E-07
828.0  7.45399E-07
828.1  7.41103E-07
828.2  7.36835E-07
828.3  7.32593E-07
828.4  7.28377E-07
828.5  7.24187E-07
828.6  7.20023E-07
828.7  7.15885E-07
828.8  7.11772E-07
828.9  7.07685E-07
829.0  7.03624E-07
829.1  6.99588E-07
829.2  6.95577E-07
829.3  6.91591E-07
829.4  6.87629E-07
829.5  6.83693E-07
829.6  6.79781E-07
829.7  6.75893E-07
829.8  6.72030E-07
829.9  6.68191E-07
830.0  6.64376E-07
